1|7,||0|0|0
2|14,||0|0|0
3|13,14,||0|0|0
4|17,||0|0|0
5|2,17,||0|0|0
6|6,17,||0|0|0
7|16,17,||0|0|0
8|9,17,||0|0|0
9|1,17,||0|0|0
10|14,17,||0|0|0
11|1,||0|0|0
12|1,8,||0|0|0
13|1,15,||0|0|0
14|6,||0|0|0
15|4,7,||0|0|0
16|4,50,||0|0|0
17|1,12,15,||0|0|0
18|11,14,||0|0|0
19|1,12,||0|0|0
20|1,13,||0|0|0
21|1,14,||0|0|0
22|1,16,||0|0|0
23|21,||0|0|0
24|1,9,||0|0|0
25|1,6,||0|0|0
26|1,7,||0|0|0
27|1,50,||0|0|0
28|12,15,||0|0|0
29|1,21,||0|0|0
30|11,16,||0|0|0
31|6,16,||0|0|0
32|7,14,||0|0|0
33|8,50,||0|0|0
34|16,||0|0|0
35|11,||0|0|0
36|1,11,||0|0|0
37|11,14,16,||0|0|0
38|11,13,14,||0|0|0
39|50,||0|0|0
40|9,||0|0|0
41|1,15,50,||0|0|0
42|1,13,14,||0|0|0
43|1,4,6,7,||0|0|0
44|1,6,50,||0|0|0
45|1,6,14,||0|0|0
46|1,6,13,14,||0|0|0
47|1,6,16,||0|0|0
48|4,7,50,||0|0|0
49|4,7,14,||0|0|0
50|1,7,14,||0|0|0
51|1,4,50,||0|0|0
52|1,12,21,||0|0|0
53|1,12,16,||0|0|0
54|1,13,15,||0|0|0
55|1,6,12,||0|0|0
56|1,9,12,||0|0|0
57|1,12,50,||0|0|0
58|1,6,7,||0|0|0
59|1,7,50,||0|0|0
60|15,16,||0|0|0
61|6,14,||0|0|0
62|12,16,||0|0|0
63|11,12,||0|0|0
64|15,||0|0|0
65|6,13,14,||0|0|0
66|9,14,||0|0|0
67|14,16,||0|0|0
68|1,16,50,||0|0|0
69|9,16,||0|0|0
70|1,14,16,||0|0|0
71|4,6,7,||0|0|0
72|4,6,50,||0|0|0
73|6,11,||0|0|0
74|6,13,||0|0|0
75|1,7,12,16,||0|0|0
76|4,7,11,14,||0|0|0
77|4,7,13,||0|0|0
78|7,14,16,||0|0|0
79|7,11,13,14,||0|0|0
80|1,11,50,||0|0|0
81|4,13,50,||0|0|0
82|4,14,50,||0|0|0
83|14,16,50,||0|0|0
84|11,13,50,||0|0|0
85|13,||0|0|0
86|1,15,16,||0|0|0
87|1,11,14,||0|0|0
88|11,13,||0|0|0
89|1,11,15,||0|0|0
90|11,15,||0|0|0
91|13,16,||0|0|0
92|11,13,16,||0|0|0
93|14,15,||0|0|0
94|12,17,||0|0|0
95|4,17,||0|0|0
96|7,17,||0|0|0
97|17,62,||0|0|0
98|15,17,||0|0|0
99|17,50,||0|0|0
100|13,17,||0|0|0
101|1,15,17,||0|0|0
102|6,15,17,||0|0|0
103|9,15,17,||0|0|0
104|15,17,50,||0|0|0
105|9,15,||0|0|0
106|1,12,15,17,||0|0|0
107|4,6,14,||0|0|0
108|6,7,17,||0|0|0
109|6,50,||0|0|0
110|6,9,||0|0|0
111|6,17,50,||0|0|0
112|6,9,17,||0|0|0
113|6,14,17,||0|0|0
114|6,13,17,||0|0|0
115|6,16,17,||0|0|0
116|7,17,50,||0|0|0
117|7,14,17,||0|0|0
118|7,9,13,17,||0|0|0
119|7,9,14,17,||0|0|0
120|7,9,16,17,||0|0|0
121|14,17,50,||0|0|0
122|13,17,50,||0|0|0
123|12,15,17,||0|0|0
124|14,15,17,||0|0|0
125|8,15,||0|0|0
126|8,14,||0|0|0
127|6,8,||0|0|0
128|8,12,15,||0|0|0
129|12,||0|0|0
130|8,13,||0|0|0
131|9,50,||0|0|0
132|4,14,||0|0|0
133|4,13,||0|0|0
134|4,16,||0|0|0
135|4,13,14,||0|0|0
136|4,7,13,14,||0|0|0
137|4,7,16,||0|0|0
138|13,50,||0|0|0
139|12,50,||0|0|0
140|14,50,||0|0|0
141|16,50,||0|0|0
142|79,||0|0|0
143|1,79,||0|0|0
144|1,6,13,||0|0|0
145|9,56,||0|0|0
146|50,56,||0|0|0
147|12,79,||0|0|0
148|12,56,||0|0|0
149|13,56,||0|0|0
150|2,56,||0|0|0
151|1,56,||0|0|0
152|12,21,||0|0|0
153|1,13,56,||0|0|0
154|1,14,56,||0|0|0
155|1,12,56,||0|0|0
156|4,6,13,||0|0|0
157|6,7,13,||0|0|0
158|4,6,7,50,||0|0|0
159|4,6,7,14,||0|0|0
160|4,6,7,13,||0|0|0
161|6,7,16,||0|0|0
162|6,7,13,14,||0|0|0
163|6,16,50,||0|0|0
164|6,13,50,||0|0|0
165|1,12,14,||0|0|0
166|9,12,||0|0|0
167|1,12,13,||0|0|0
168|6,11,14,||0|0|0
169|7,9,13,||0|0|0
170|9,13,||0|0|0
171|1,13,16,||0|0|0
172|9,13,16,||0|0|0
173|9,14,16,||0|0|0
174|6,7,||0|0|0
175|7,16,||0|0|0
176|7,11,||0|0|0
177|7,9,14,||0|0|0
178|7,11,16,||0|0|0
179|9,11,||0|0|0
180|12,14,||0|0|0
181|7,13,||0|0|0
182|30,||0|0|0
183|14,30,||0|0|0
184|6,30,||0|0|0
185|4,7,30,||0|0|0
186|30,50,||0|0|0
187|1,42,||0|0|0
188|73,||0|0|0
189|30,72,||0|0|0
190|14,16,68,||0|0|0
191|14,68,||0|0|0
192|1,72,||0|0|0
193|1,73,||0|0|0
194|16,73,||0|0|0
195|6,73,||0|0|0
196|4,73,||0|0|0
197|50,73,||0|0|0
198|12,73,||0|0|0
199|1,61,||0|0|0
200|50,61,||0|0|0
201|13,68,||0|0|0
202|6,68,||0|0|0
203|4,7,68,||0|0|0
204|4,7,11,68,||0|0|0
205|4,50,61,||0|0|0
206|11,50,||0|0|0
207|13,50,68,||0|0|0
208|13,16,50,||0|0|0
209|62,||0|0|0
210|16,50,62,||0|0|0
211|50,62,||0|0|0
212|13,62,||0|0|0
213|14,62,||0|0|0
214|61,62,||0|0|0
215|16,62,||0|0|0
216|13,14,62,||0|0|0
217|12,16,50,||0|0|0
218|12,62,||0|0|0
219|12,16,62,||0|0|0
220|11,14,68,||0|0|0
221|11,61,||0|0|0
222|16,61,||0|0|0
223|61,68,||0|0|0
224|16,68,||0|0|0
225|14,61,||0|0|0
226|50,61,68,||0|0|0
227|13,50,61,||0|0|0
228|13,16,68,||0|0|0
229|8,56,||0|0|0
230|6,56,||0|0|0
231|4,7,56,||0|0|0
232|1,12,84,||0|0|0
233|4,56,||0|0|0
234|1,84,||0|0|0
235|84,||0|0|0
236|56,||0|0|0
237|16,56,||0|0|0
238|15,50,||0|0|0
239|12,84,||0|0|0
240|11,56,||0|0|0
241|15,56,||0|0|0
242|1,14,79,||0|0|0
243|1,6,79,||0|0|0
244|1,4,79,||0|0|0
245|1,9,79,||0|0|0
246|1,15,79,||0|0|0
247|4,79,||0|0|0
248|50,79,||0|0|0
249|14,79,||0|0|0
250|7,79,||0|0|0
251|9,79,||0|0|0
252|13,79,||0|0|0
253|6,79,||0|0|0
254|7,13,56,||0|0|0
255|8,84,||0|0|0
256|8,12,84,||0|0|0
257|4,13,56,||0|0|0
258|6,13,56,||0|0|0
259|4,7,13,56,||0|0|0
260|50,84,||0|0|0
261|13,50,56,||0|0|0
262|11,13,56,||0|0|0
263|1,14,75,||0|0|0
264|1,13,75,||0|0|0
265|1,76,||0|0|0
266|13,75,||0|0|0
267|13,15,||0|0|0
268|1,13,79,||0|0|0
269|13,14,79,||0|0|0
270|9,14,79,||0|0|0
271|2,15,||0|0|0
272|13,14,75,||0|0|0
273|4,7,75,||0|0|0
274|4,50,75,||0|0|0
275|14,75,||0|0|0
276|1,75,||0|0|0
277|1,50,75,||0|0|0
278|1,14,15,||0|0|0
279|4,13,75,||0|0|0
280|9,75,||0|0|0
281|16,75,||0|0|0
282|75,||0|0|0
283|7,50,75,||0|0|0
284|50,75,||0|0|0
285|4,7,50,75,||0|0|0
286|1,12,79,||0|0|0
287|4,7,14,75,||0|0|0
288|4,7,13,75,||0|0|0
289|7,16,75,||0|0|0
290|7,13,14,75,||0|0|0
291|16,50,75,||0|0|0
292|1,12,14,79,||0|0|0
293|9,12,79,||0|0|0
294|1,12,13,79,||0|0|0
295|14,16,79,||0|0|0
296|1,56,79,||0|0|0
297|56,79,||0|0|0
298|68,79,||0|0|0
299|56,68,79,||0|0|0
300|4,7,79,||0|0|0
301|4,50,79,||0|0|0
302|1,50,56,79,||0|0|0
303|1,56,68,||0|0|0
304|68,||0|0|0
305|1,68,||0|0|0
306|4,56,79,||0|0|0
307|16,79,||0|0|0
308|7,56,79,||0|0|0
309|50,56,79,||0|0|0
310|9,68,||0|0|0
311|9,56,68,||0|0|0
312|4,7,56,79,||0|0|0
313|4,7,68,79,||0|0|0
314|7,16,79,||0|0|0
315|7,56,68,79,||0|0|0
316|4,50,68,||0|0|0
317|4,50,56,79,||0|0|0
318|4,50,68,79,||0|0|0
319|16,50,79,||0|0|0
320|50,56,68,79,||0|0|0
321|1,12,68,||0|0|0
322|56,68,||0|0|0
323|5,||0|0|0
324|1,5,||0|0|0
325|2,5,||0|0|0
326|5,12,||0|0|0
327|4,5,||0|0|0
328|69,79,||0|0|0
329|5,69,||0|0|0
330|5,16,||0|0|0
331|5,9,||0|0|0
332|5,79,||0|0|0
333|5,50,||0|0|0
334|5,15,||0|0|0
335|5,56,||0|0|0
336|1,5,15,||0|0|0
337|5,15,69,||0|0|0
338|5,9,15,||0|0|0
339|5,15,50,||0|0|0
340|1,5,12,15,||0|0|0
341|5,14,||0|0|0
342|4,69,79,||0|0|0
343|9,69,79,||0|0|0
344|9,50,69,79,||0|0|0
345|69,||0|0|0
346|56,69,||0|0|0
347|16,69,||0|0|0
348|75,79,||0|0|0
349|5,9,69,||0|0|0
350|5,50,69,||0|0|0
351|5,75,79,||0|0|0
352|5,56,69,||0|0|0
353|5,16,69,||0|0|0
354|5,69,79,||0|0|0
355|5,9,12,||0|0|0
356|5,9,79,||0|0|0
357|5,9,56,||0|0|0
358|5,9,16,||0|0|0
359|5,50,79,||0|0|0
360|5,50,56,||0|0|0
361|5,12,15,||0|0|0
362|5,15,17,||0|0|0
363|1,5,15,17,||0|0|0
364|2,5,15,17,||0|0|0
365|5,12,15,17,||0|0|0
366|4,5,15,17,||0|0|0
367|5,6,15,||0|0|0
368|5,15,16,||0|0|0
369|5,15,79,||0|0|0
370|4,5,15,||0|0|0
371|5,15,15,||0|0|0
372|5,15,56,||0|0|0
373|1,5,15,15,||0|0|0
374|5,6,15,15,||0|0|0
375|5,9,15,15,||0|0|0
376|9,15,15,||0|0|0
377|1,5,12,15,15,||0|0|0
378|4,6,15,79,||0|0|0
379|6,9,15,79,||0|0|0
380|6,50,79,||0|0|0
381|6,9,15,||0|0|0
382|6,15,79,||0|0|0
383|6,15,56,||0|0|0
384|6,15,16,||0|0|0
385|5,6,9,15,||0|0|0
386|5,6,15,50,||0|0|0
387|5,6,15,79,||0|0|0
388|5,6,15,56,||0|0|0
389|5,6,15,16,||0|0|0
390|5,9,12,15,||0|0|0
391|5,9,15,79,||0|0|0
392|5,9,15,56,||0|0|0
393|5,9,15,16,||0|0|0
394|5,15,50,79,||0|0|0
395|5,15,50,56,||0|0|0
396|4,7,17,||0|0|0
397|17,17,||0|0|0
398|12,15,17,50,||0|0|0
399|4,6,7,17,||0|0|0
400|6,14,50,||0|0|0
401|4,7,17,50,||0|0|0
402|4,7,14,17,||0|0|0
403|4,7,13,17,||0|0|0
404|4,7,16,17,||0|0|0
405|4,17,50,||0|0|0
406|4,15,17,50,||0|0|0
407|17,30,||0|0|0
408|12,16,17,||0|0|0
409|6,17,68,||0|0|0
410|14,17,68,||0|0|0
411|1,12,15,16,17,||0|0|0
412|6,7,14,||0|0|0
413|6,14,68,||0|0|0
414|6,14,17,68,||0|0|0
415|6,17,30,||0|0|0
416|7,14,17,68,||0|0|0
417|7,17,30,||0|0|0
418|7,15,17,||0|0|0
419|7,16,17,||0|0|0
420|14,17,50,68,||0|0|0
421|17,30,50,||0|0|0
422|17,30,68,||0|0|0
423|15,17,68,||0|0|0
424|16,17,68,||0|0|0
425|7,30,||0|0|0
426|9,30,||0|0|0
427|13,14,68,||0|0|0
428|7,13,14,68,||0|0|0
429|13,14,30,||0|0|0
430|1,15,61,||0|0|0
431|8,15,16,||0|0|0
432|8,12,15,16,||0|0|0
433|15,61,||0|0|0
434|15,50,61,||0|0|0
435|12,15,16,||0|0|0
436|1,13,61,||0|0|0
437|13,61,||0|0|0
438|1,16,61,||0|0|0
439|1,14,61,||0|0|0
440|30,68,||0|0|0
441|4,6,68,||0|0|0
442|6,30,68,||0|0|0
443|1,30,||0|0|0
444|16,30,||0|0|0
445|4,6,30,||0|0|0
446|1,16,30,||0|0|0
447|4,30,68,||0|0|0
448|9,16,30,||0|0|0
449|16,50,68,||0|0|0
450|1,16,68,||0|0|0
451|7,62,||0|0|0
452|7,50,||0|0|0
453|7,9,68,||0|0|0
454|7,68,||0|0|0
455|7,16,68,||0|0|0
456|7,30,68,||0|0|0
457|50,68,||0|0|0
458|1,50,68,||0|0|0
459|1,30,50,||0|0|0
460|16,30,50,||0|0|0
461|30,50,68,||0|0|0
462|12,68,||0|0|0
463|1,16,56,||0|0|0
464|6,11,68,||0|0|0
465|6,11,17,||0|0|0
466|4,6,17,68,||0|0|0
467|4,6,17,40,||0|0|0
468|6,17,30,68,||0|0|0
469|11,17,68,||0|0|0
470|16,17,30,||0|0|0
471|11,30,68,||0|0|0
472|4,6,17,30,||0|0|0
473|9,17,30,||0|0|0
474|4,17,30,68,||0|0|0
475|11,17,30,||0|0|0
476|11,16,17,||0|0|0
477|11,17,30,68,||0|0|0
478|11,68,||0|0|0
479|11,30,||0|0|0
480|6,11,17,68,||0|0|0
481|9,12,16,17,||0|0|0
482|9,11,17,||0|0|0
483|9,17,68,||0|0|0
484|11,17,50,||0|0|0
485|17,50,68,||0|0|0
486|16,17,50,||0|0|0
487|9,12,16,||0|0|0
488|12,61,||0|0|0
489|11,17,||0|0|0
490|14,16,17,||0|0|0
491|17,68,||0|0|0
492|17,30,61,68,||0|0|0
493|1,50,56,||0|0|0
494|12,56,84,||0|0|0
495|9,50,79,||0|0|0
496|56,73,||0|0|0
497|62,79,||0|0|0
498|73,84,||0|0|0
499|9,56,62,||0|0|0
500|50,56,62,||0|0|0
501|56,80,||0|0|0
502|56,76,||0|0|0
503|56,62,||0|0|0
504|9,62,||0|0|0
505|56,62,80,||0|0|0
506|56,62,76,||0|0|0
507|9,76,||0|0|0
508|50,76,||0|0|0
509|56,76,80,||0|0|0
510|9,56,73,||0|0|0
511|9,50,80,||0|0|0
512|50,62,79,||0|0|0
513|9,50,76,||0|0|0
514|50,56,73,||0|0|0
515|50,56,80,||0|0|0
516|50,79,80,||0|0|0
517|76,79,||0|0|0
518|50,80,||0|0|0
519|56,62,79,||0|0|0
520|79,80,||0|0|0
521|62,79,80,||0|0|0
522|76,79,80,||0|0|0
523|2,50,||0|0|0
524|30,62,||0|0|0
525|4,||0|0|0
526|2,||0|0|0
527|14,81,||0|0|0
528|81,||0|0|0
529|2,30,||0|0|0
530|2,14,||0|0|0
531|2,16,62,||0|0|0
532|2,6,30,||0|0|0
533|2,30,62,||0|0|0
534|2,15,62,||0|0|0
535|2,21,||0|0|0
536|2,12,41,||0|0|0
537|2,12,62,||0|0|0
538|2,10,62,||0|0|0
539|2,10,83,||0|0|0
540|2,62,||0|0|0
541|80,83,||0|0|0
542|8,14,50,||0|0|0
543|30,81,||0|0|0
544|2,83,||0|0|0
545|2,40,||0|0|0
546|68,81,||0|0|0
547|6,81,||0|0|0
548|8,30,50,||0|0|0
549|6,16,33,||0|0|0
550|14,37,81,||0|0|0
551|14,30,46,||0|0|0
552|7,14,68,||0|0|0
553|14,31,68,81,||0|0|0
554|6,7,46,||0|0|0
555|6,8,46,||0|0|0
556|6,68,81,||0|0|0
557|30,46,||0|0|0
558|8,30,46,||0|0|0
559|2,73,||0|0|0
560|30,46,68,||0|0|0
561|2,11,||0|0|0
562|13,46,68,||0|0|0
563|14,46,68,||0|0|0
564|8,46,50,||0|0|0
565|14,50,68,||0|0|0
566|4,15,||0|0|0
567|2,42,||0|0|0
568|2,16,||0|0|0
569|2,11,50,||0|0|0
570|2,15,50,||0|0|0
571|30,68,81,||0|0|0
572|2,6,50,||0|0|0
573|7,13,50,||0|0|0
574|8,13,14,50,||0|0|0
575|83,||0|0|0
576|13,68,81,||0|0|0
577|14,64,81,||0|0|0
578|6,11,50,||0|0|0
579|2,4,50,||0|0|0
580|4,6,||0|0|0
581|4,50,81,||0|0|0
582|62,83,||0|0|0
583|62,73,||0|0|0
584|12,30,||0|0|0
585|6,62,||0|0|0
586|6,14,68,81,||0|0|0
587|6,46,||0|0|0
588|6,8,30,||0|0|0
589|21,38,||0|0|0
590|15,73,||0|0|0
591|6,14,30,||0|0|0
592|15,30,||0|0|0
593|6,72,||0|0|0
594|6,30,81,||0|0|0
595|2,6,||0|0|0
596|2,61,||0|0|0
597|4,81,||0|0|0
598|4,30,||0|0|0
599|30,61,||0|0|0
600|41,||0|0|0
601|13,30,||0|0|0
602|16,72,||0|0|0
603|11,12,50,||0|0|0
604|13,14,50,||0|0|0
605|50,72,||0|0|0
606|11,14,50,||0|0|0
607|1,16,73,||0|0|0
608|11,13,30,||0|0|0
609|1,6,16,73,||0|0|0
610|6,16,73,||0|0|0
611|9,16,73,||0|0|0
612|1,12,16,73,||0|0|0
613|6,13,30,||0|0|0
614|4,11,30,||0|0|0
615|1,16,72,||0|0|0
616|1,11,30,||0|0|0
617|1,11,72,||0|0|0
618|11,72,||0|0|0
619|14,72,||0|0|0
620|62,72,||0|0|0
621|5,30,||0|0|0
622|5,14,30,||0|0|0
623|5,6,30,||0|0|0
624|4,5,7,30,||0|0|0
625|5,30,50,||0|0|0
626|1,5,42,||0|0|0
627|5,73,||0|0|0
628|5,13,14,||0|0|0
629|5,11,14,||0|0|0
630|1,5,13,||0|0|0
631|5,13,16,||0|0|0
632|5,14,16,||0|0|0
633|1,5,16,||0|0|0
634|5,6,14,||0|0|0
635|4,5,7,14,||0|0|0
636|1,5,50,||0|0|0
637|5,12,16,||0|0|0
638|5,14,68,||0|0|0
639|5,11,16,||0|0|0
640|1,5,73,||0|0|0
641|5,16,73,||0|0|0
642|5,6,73,||0|0|0
643|5,50,73,||0|0|0
644|5,12,73,||0|0|0
645|1,5,13,14,||0|0|0
646|5,12,50,||0|0|0
647|5,50,61,||0|0|0
648|5,13,68,||0|0|0
649|5,6,13,||0|0|0
650|5,9,13,||0|0|0
651|5,6,68,||0|0|0
652|4,5,6,7,||0|0|0
653|5,6,13,50,||0|0|0
654|5,6,11,||0|0|0
655|5,6,16,||0|0|0
656|4,5,7,68,||0|0|0
657|4,5,7,50,||0|0|0
658|4,5,7,11,||0|0|0
659|4,5,7,13,||0|0|0
660|4,5,7,16,||0|0|0
661|5,50,68,||0|0|0
662|5,11,50,||0|0|0
663|5,13,50,||0|0|0
664|5,16,50,||0|0|0
665|5,62,||0|0|0
666|5,50,62,||0|0|0
667|5,13,62,||0|0|0
668|5,14,62,||0|0|0
669|5,61,62,||0|0|0
670|5,16,62,||0|0|0
671|5,12,62,||0|0|0
672|5,11,13,||0|0|0
673|5,61,68,||0|0|0
674|5,16,68,||0|0|0
675|5,14,61,||0|0|0
676|16,62,73,||0|0|0
677|16,62,67,||0|0|0
678|5,56,84,||0|0|0
679|12,17,72,||0|0|0
680|4,9,17,||0|0|0
681|12,17,73,||0|0|0
682|17,72,73,||0|0|0
683|1,4,17,||0|0|0
684|6,17,72,||0|0|0
685|1,17,62,||0|0|0
686|17,73,||0|0|0
687|17,30,62,||0|0|0
688|17,62,72,||0|0|0
689|4,6,12,||0|0|0
690|4,6,16,||0|0|0
691|6,17,62,||0|0|0
692|4,14,17,||0|0|0
693|4,13,17,||0|0|0
694|4,17,62,||0|0|0
695|4,16,17,||0|0|0
696|17,62,73,||0|0|0
697|12,17,62,||0|0|0
698|14,17,62,||0|0|0
699|4,4,17,||0|0|0
700|30,71,||0|0|0
701|1,50,76,||0|0|0
702|6,50,76,||0|0|0
703|4,50,76,||0|0|0
704|1,9,50,76,||0|0|0
705|21,76,||0|0|0
706|15,40,76,||0|0|0
707|14,50,76,||0|0|0
708|13,50,76,||0|0|0
709|8,50,76,||0|0|0
710|15,72,||0|0|0
711|1,14,50,76,||0|0|0
712|1,6,15,||0|0|0
713|1,12,41,||0|0|0
714|1,10,||0|0|0
715|1,10,83,||0|0|0
716|1,40,||0|0|0
717|1,15,50,76,||0|0|0
718|14,30,50,76,||0|0|0
719|8,30,50,76,||0|0|0
720|6,8,50,76,||0|0|0
721|6,30,50,76,||0|0|0
722|6,46,50,76,||0|0|0
723|6,14,50,76,||0|0|0
724|30,46,50,76,||0|0|0
725|8,30,46,50,76,||0|0|0
726|1,11,50,76,||0|0|0
727|13,46,50,76,||0|0|0
728|14,30,46,50,76,||0|0|0
729|1,15,76,||0|0|0
730|46,68,||0|0|0
731|30,50,76,||0|0|0
732|15,40,||0|0|0
733|8,14,50,76,||0|0|0
734|1,11,76,||0|0|0
735|1,6,76,||0|0|0
736|1,4,76,||0|0|0
737|15,21,||0|0|0
738|6,76,||0|0|0
739|46,||0|0|0
740|4,30,81,||0|0|0
741|4,37,81,||0|0|0
742|16,83,||0|0|0
743|4,68,81,||0|0|0
744|1,83,||0|0|0
745|1,81,||0|0|0
746|14,68,81,||0|0|0
747|1,62,||0|0|0
748|14,30,81,||0|0|0
749|46,81,||0|0|0
750|50,81,||0|0|0
751|11,30,68,81,||0|0|0
752|6,11,81,||0|0|0
753|46,50,||0|0|0
754|11,30,46,||0|0|0
755|46,68,81,||0|0|0
756|14,30,68,||0|0|0
757|11,62,||0|0|0
758|11,81,||0|0|0
759|14,31,||0|0|0
760|14,31,81,||0|0|0
761|1,17,42,||0|0|0
762|5,76,||0|0|0
763|1,5,6,||0|0|0
764|1,18,||0|0|0
765|38,62,||0|0|0
766|1,17,30,||0|0|0
767|5,81,||0|0|0
768|5,6,||0|0|0
769|18,||0|0|0
770|1,49,||0|0|0
771|4,5,81,||0|0|0
772|1,17,73,||0|0|0
773|73,81,||0|0|0
774|4,6,81,||0|0|0
775|1,17,73,83,||0|0|0
776|1,5,81,||0|0|0
777|1,50,56,73,||0|0|0
778|30,49,||0|0|0
779|4,17,81,||0|0|0
780|5,6,81,||0|0|0
781|5,56,62,||0|0|0
782|17,49,||0|0|0
783|17,81,||0|0|0
784|17,38,||0|0|0
785|38,73,||0|0|0
786|17,73,81,||0|0|0
787|17,49,81,||0|0|0
788|17,30,49,||0|0|0
789|7,46,50,||0|0|0
790|46,50,73,||0|0|0
791|7,14,46,50,||0|0|0
792|4,46,50,81,||0|0|0
793|6,7,46,50,||0|0|0
794|46,50,72,||0|0|0
795|50,73,76,||0|0|0
796|14,30,46,50,||0|0|0
797|8,46,49,50,||0|0|0
798|8,30,46,50,||0|0|0
799|15,50,76,||0|0|0
800|14,46,50,||0|0|0
801|6,46,50,||0|0|0
802|30,46,50,||0|0|0
803|46,50,76,||0|0|0
804|16,49,50,||0|0|0
805|50,76,83,||0|0|0
806|50,76,81,||0|0|0
807|6,50,73,76,||0|0|0
808|50,73,76,83,||0|0|0
809|40,50,76,83,||0|0|0
810|49,50,76,83,||0|0|0
811|15,50,76,83,||0|0|0
812|50,76,81,83,||0|0|0
813|46,50,81,||0|0|0
814|40,50,73,||0|0|0
815|30,46,49,50,||0|0|0
816|6,30,46,50,||0|0|0
817|6,13,46,50,||0|0|0
818|6,14,46,50,||0|0|0
819|6,46,50,81,||0|0|0
820|1,46,49,50,||0|0|0
821|13,46,50,||0|0|0
822|15,46,50,||0|0|0
823|15,46,50,76,||0|0|0
824|40,50,76,||0|0|0
825|16,50,76,||0|0|0
826|50,73,76,81,||0|0|0
827|46,49,50,||0|0|0
828|30,46,50,81,||0|0|0
829|7,50,76,||0|0|0
830|7,49,50,76,||0|0|0
831|7,50,76,81,||0|0|0
832|13,46,50,81,||0|0|0
833|7,50,81,||0|0|0
834|50,76,79,||0|0|0
835|1,50,76,79,||0|0|0
836|34,50,76,79,||0|0|0
837|30,50,76,79,||0|0|0
838|50,76,79,81,||0|0|0
839|6,50,76,79,||0|0|0
840|8,50,76,79,||0|0|0
841|40,50,76,79,||0|0|0
842|49,50,76,79,||0|0|0
843|15,50,76,79,||0|0|0
844|50,62,76,79,||0|0|0
845|46,50,76,79,||0|0|0
846|34,40,50,76,79,||0|0|0
847|50,62,72,76,79,||0|0|0
848|50,73,76,79,||0|0|0
849|50,72,76,79,||0|0|0
850|50,72,76,79,81,||0|0|0
851|4,50,68,76,79,81,||0|0|0
852|30,49,50,76,79,||0|0|0
853|30,50,76,79,81,||0|0|0
854|6,50,76,79,81,||0|0|0
855|46,50,79,81,||0|0|0
856|6,46,50,79,||0|0|0
857|6,30,50,76,79,||0|0|0
858|46,50,79,||0|0|0
859|30,46,50,79,||0|0|0
860|46,49,50,79,||0|0|0
861|40,50,56,76,83,||0|0|0
862|40,50,56,73,76,83,||0|0|0
863|40,50,73,76,||0|0|0
864|15,40,50,73,76,||0|0|0
865|30,50,76,81,||0|0|0
866|76,80,||0|0|0
867|1,76,80,||0|0|0
868|1,16,76,80,||0|0|0
869|1,14,76,80,||0|0|0
870|1,76,80,81,||0|0|0
871|1,6,76,80,||0|0|0
872|1,9,76,80,||0|0|0
873|1,16,40,76,80,||0|0|0
874|1,30,76,80,||0|0|0
875|1,15,76,80,||0|0|0
876|16,72,76,80,||0|0|0
877|14,76,80,||0|0|0
878|68,76,80,81,||0|0|0
879|6,76,80,||0|0|0
880|9,76,80,||0|0|0
881|16,40,76,80,||0|0|0
882|30,76,80,||0|0|0
883|15,76,80,||0|0|0
884|72,76,80,||0|0|0
885|72,76,80,81,||0|0|0
886|6,9,72,76,80,||0|0|0
887|40,72,76,80,||0|0|0
888|9,72,76,80,||0|0|0
889|72,73,76,80,||0|0|0
890|15,72,76,80,||0|0|0
891|14,68,76,80,81,||0|0|0
892|40,73,76,80,||0|0|0
893|14,30,76,80,||0|0|0
894|76,80,81,||0|0|0
895|6,76,80,81,||0|0|0
896|9,76,80,81,||0|0|0
897|14,76,80,81,||0|0|0
898|14,30,76,80,81,||0|0|0
899|4,68,76,80,81,||0|0|0
900|6,9,76,80,||0|0|0
901|6,30,76,80,||0|0|0
902|6,68,76,80,81,||0|0|0
903|73,76,80,||0|0|0
904|9,30,76,80,||0|0|0
905|40,76,80,||0|0|0
906|40,76,80,83,||0|0|0
907|40,73,76,80,83,||0|0|0
908|15,40,76,80,||0|0|0
909|40,76,80,81,||0|0|0
910|30,49,76,80,||0|0|0
911|30,76,80,81,||0|0|0
912|15,76,80,81,||0|0|0
913|16,46,||0|0|0
914|1,16,46,||0|0|0
915|1,14,46,||0|0|0
916|1,46,68,81,||0|0|0
917|1,6,16,46,||0|0|0
918|1,16,46,50,||0|0|0
919|1,16,83,||0|0|0
920|1,16,46,49,||0|0|0
921|1,16,30,46,||0|0|0
922|1,14,16,46,||0|0|0
923|1,16,46,68,81,||0|0|0
924|16,46,72,||0|0|0
925|14,46,||0|0|0
926|16,46,68,81,||0|0|0
927|6,16,46,||0|0|0
928|16,46,50,||0|0|0
929|16,40,83,||0|0|0
930|16,30,46,||0|0|0
931|16,46,49,||0|0|0
932|16,72,76,||0|0|0
933|16,72,76,81,||0|0|0
934|6,16,72,76,||0|0|0
935|9,16,72,76,||0|0|0
936|16,40,72,76,83,||0|0|0
937|16,72,73,76,||0|0|0
938|15,16,72,76,||0|0|0
939|14,16,46,||0|0|0
940|14,16,46,68,81,||0|0|0
941|16,46,73,||0|0|0
942|15,16,46,||0|0|0
943|14,16,46,81,||0|0|0
944|16,46,81,||0|0|0
945|6,16,46,81,||0|0|0
946|16,46,50,81,||0|0|0
947|16,30,46,81,||0|0|0
948|4,16,46,68,81,||0|0|0
949|6,16,46,50,||0|0|0
950|6,16,30,46,||0|0|0
951|6,16,46,68,81,||0|0|0
952|16,30,46,50,||0|0|0
953|16,46,49,50,||0|0|0
954|15,16,50,||0|0|0
955|16,46,50,68,81,||0|0|0
956|15,16,76,||0|0|0
957|16,40,||0|0|0
958|40,73,||0|0|0
959|15,40,83,||0|0|0
960|16,40,81,83,||0|0|0
961|16,30,46,49,||0|0|0
962|15,16,30,76,||0|0|0
963|15,76,||0|0|0
964|30,49,68,81,||0|0|0
965|16,30,46,68,81,||0|0|0
966|15,76,81,||0|0|0
967|1,50,72,76,||0|0|0
968|1,30,50,76,79,||0|0|0
969|1,50,76,79,81,||0|0|0
970|1,6,50,76,||0|0|0
971|1,3,50,76,79,||0|0|0
972|1,9,50,76,79,||0|0|0
973|1,40,41,79,||0|0|0
974|1,15,50,76,79,||0|0|0
975|38,50,72,76,79,||0|0|0
976|9,50,76,79,||0|0|0
977|40,44,76,79,||0|0|0
978|12,50,76,79,||0|0|0
979|6,50,72,76,79,||0|0|0
980|9,50,72,76,79,||0|0|0
981|40,45,72,76,79,||0|0|0
982|30,50,72,76,79,||0|0|0
983|15,50,72,76,79,||0|0|0
984|40,41,50,76,79,||0|0|0
985|14,50,76,81,||0|0|0
986|6,14,50,76,81,||0|0|0
987|14,46,50,81,||0|0|0
988|6,9,50,76,79,||0|0|0
989|40,44,50,79,||0|0|0
990|9,30,50,76,79,||0|0|0
991|9,50,76,79,81,||0|0|0
992|40,67,76,79,||0|0|0
993|40,45,79,||0|0|0
994|40,45,73,79,||0|0|0
995|15,40,45,79,||0|0|0
996|34,79,81,83,||0|0|0
997|50,68,76,79,||0|0|0
998|49,50,68,76,79,||0|0|0
999|15,76,79,||0|0|0
1000|50,68,76,79,81,||0|0|0
1001|15,76,79,81,||0|0|0
1002|50,74,76,||0|0|0
1003|1,50,74,76,||0|0|0
1004|1,50,74,76,84,||0|0|0
1005|1,14,50,74,76,||0|0|0
1006|1,50,74,76,81,||0|0|0
1007|1,6,50,74,76,||0|0|0
1008|1,50,71,74,76,||0|0|0
1009|1,50,74,76,77,||0|0|0
1010|1,40,45,85,||0|0|0
1011|1,30,50,74,76,||0|0|0
1012|1,13,50,74,76,||0|0|0
1013|1,15,50,74,76,||0|0|0
1014|1,50,76,81,||0|0|0
1015|50,74,76,84,||0|0|0
1016|14,50,74,76,||0|0|0
1017|14,50,74,76,81,||0|0|0
1018|6,50,74,76,||0|0|0
1019|46,50,74,76,||0|0|0
1020|40,44,||0|0|0
1021|43,50,74,76,||0|0|0
1022|30,50,74,76,||0|0|0
1023|15,50,74,76,||0|0|0
1024|50,74,76,81,||0|0|0
1025|50,76,84,||0|0|0
1026|39,50,76,84,||0|0|0
1027|34,40,41,84,||0|0|0
1028|43,50,76,84,||0|0|0
1029|30,50,76,84,||0|0|0
1030|15,50,76,84,||0|0|0
1031|14,34,40,44,74,||0|0|0
1032|14,30,50,74,76,||0|0|0
1033|15,30,50,74,76,||0|0|0
1034|6,14,50,74,76,81,||0|0|0
1035|14,46,50,74,76,81,||0|0|0
1036|14,30,50,74,76,81,||0|0|0
1037|14,43,50,74,76,81,||0|0|0
1038|14,50,68,74,76,81,||0|0|0
1039|6,9,50,74,76,||0|0|0
1040|6,30,50,74,76,||0|0|0
1041|6,50,74,76,81,||0|0|0
1042|9,50,74,76,||0|0|0
1043|9,34,40,44,74,84,||0|0|0
1044|40,41,74,84,||0|0|0
1045|34,40,84,85,||0|0|0
1046|15,35,40,45,84,||0|0|0
1047|16,40,81,||0|0|0
1048|50,51,74,76,||0|0|0
1049|30,50,74,76,81,||0|0|0
1050|4,50,74,76,81,||0|0|0
1051|15,76,79,80,||0|0|0
1052|17,50,76,||0|0|0
1053|1,17,50,76,||0|0|0
1054|1,17,50,76,84,||0|0|0
1055|1,17,30,50,76,||0|0|0
1056|1,6,17,50,76,||0|0|0
1057|1,9,17,50,76,||0|0|0
1058|1,17,34,40,41,84,||0|0|0
1059|1,15,17,50,76,||0|0|0
1060|1,17,50,76,81,||0|0|0
1061|17,50,76,84,||0|0|0
1062|17,30,50,76,||0|0|0
1063|6,17,50,76,||0|0|0
1064|9,17,50,76,||0|0|0
1065|17,40,44,84,||0|0|0
1066|15,17,50,76,||0|0|0
1067|17,50,76,81,||0|0|0
1068|9,17,50,76,84,||0|0|0
1069|17,34,40,84,85,||0|0|0
1070|17,50,76,81,84,||0|0|0
1071|14,17,50,76,||0|0|0
1072|17,34,40,44,||0|0|0
1073|14,17,50,76,81,||0|0|0
1074|6,50,76,81,||0|0|0
1075|9,50,76,81,||0|0|0
1076|4,50,68,76,81,||0|0|0
1077|6,9,17,50,76,||0|0|0
1078|6,17,30,50,76,||0|0|0
1079|6,17,50,76,81,||0|0|0
1080|17,43,50,76,||0|0|0
1081|17,43,45,50,76,||0|0|0
1082|17,46,50,76,81,||0|0|0
1083|50,68,76,81,||0|0|0
1084|17,50,76,83,||0|0|0
1085|17,34,40,42,83,||0|0|0
1086|15,17,50,76,83,||0|0|0
1087|34,40,45,84,||0|0|0
1088|34,40,81,84,||0|0|0
1089|15,17,30,50,76,||0|0|0
1090|17,30,50,76,81,||0|0|0
1091|15,17,50,76,81,||0|0|0
1092|18,50,76,79,||0|0|0
1093|17,50,76,79,80,||0|0|0
1094|17,50,72,76,79,||0|0|0
1095|14,17,50,76,79,||0|0|0
1096|50,76,79,80,81,||0|0|0
1097|6,17,50,76,79,||0|0|0
1098|9,17,50,76,79,80,||0|0|0
1099|38,50,73,76,79,80,||0|0|0
1100|17,30,50,76,79,80,||0|0|0
1101|15,50,76,79,80,||0|0|0
1102|17,50,76,79,80,81,||0|0|0
1103|17,50,76,79,||0|0|0
1104|9,17,50,76,79,||0|0|0
1105|38,50,73,76,79,||0|0|0
1106|17,30,50,76,79,||0|0|0
1107|15,38,50,76,79,||0|0|0
1108|17,50,76,79,81,||0|0|0
1109|17,38,50,72,76,79,||0|0|0
1110|38,50,72,76,79,81,||0|0|0
1111|6,9,17,50,72,76,79,||0|0|0
1112|9,17,50,72,76,79,||0|0|0
1113|38,40,50,72,76,79,||0|0|0
1114|15,38,50,72,76,79,||0|0|0
1115|17,38,50,72,76,79,81,||0|0|0
1116|14,50,76,79,81,||0|0|0
1117|40,50,76,79,83,||0|0|0
1118|14,50,76,79,||0|0|0
1119|14,17,30,50,76,79,||0|0|0
1120|14,15,50,76,79,||0|0|0
1121|14,17,50,76,79,81,||0|0|0
1122|4,50,76,79,81,||0|0|0
1123|6,9,17,50,76,79,||0|0|0
1124|6,17,30,50,76,79,||0|0|0
1125|5,6,50,76,79,81,||0|0|0
1126|9,38,40,50,76,79,83,||0|0|0
1127|9,15,50,76,79,||0|0|0
1128|5,50,76,79,81,||0|0|0
1129|38,40,79,83,||0|0|0
1130|17,38,40,79,83,||0|0|0
1131|5,38,40,79,81,83,||0|0|0
1132|15,30,50,76,79,||0|0|0
1133|5,30,50,76,79,81,||0|0|0
1134|38,50,76,79,||0|0|0
1135|17,38,50,76,79,81,||0|0|0
1136|17,50,72,76,||0|0|0
1137|17,46,50,76,79,||0|0|0
1138|17,40,42,50,76,79,||0|0|0
1139|15,17,50,76,79,80,||0|0|0
1140|16,17,72,||0|0|0
1141|17,46,50,||0|0|0
1142|40,42,||0|0|0
1143|17,72,79,||0|0|0
1144|72,79,81,||0|0|0
1145|6,17,72,79,||0|0|0
1146|9,17,72,79,||0|0|0
1147|40,42,72,79,||0|0|0
1148|15,17,72,79,||0|0|0
1149|17,72,79,81,||0|0|0
1150|14,50,81,||0|0|0
1151|17,40,83,||0|0|0
1152|14,17,30,50,||0|0|0
1153|15,17,50,79,||0|0|0
1154|14,17,50,81,||0|0|0
1155|6,50,81,||0|0|0
1156|13,50,81,||0|0|0
1157|30,50,81,||0|0|0
1158|6,17,46,50,||0|0|0
1159|6,17,30,50,||0|0|0
1160|6,13,17,50,||0|0|0
1161|6,17,50,81,||0|0|0
1162|40,50,72,||0|0|0
1163|17,49,50,||0|0|0
1164|17,30,46,50,||0|0|0
1165|17,46,50,81,||0|0|0
1166|17,50,81,||0|0|0
1167|40,76,83,||0|0|0
1168|40,73,76,83,||0|0|0
1169|15,40,76,83,||0|0|0
1170|40,76,81,83,||0|0|0
1171|17,30,50,81,||0|0|0
1172|17,49,50,81,||0|0|0
1173|17,84,||0|0|0
1174|17,79,84,||0|0|0
1175|17,42,84,||0|0|0
1176|17,79,81,84,||0|0|0
1177|6,17,84,||0|0|0
1178|17,43,79,84,||0|0|0
1179|17,40,45,84,||0|0|0
1180|15,17,40,79,84,||0|0|0
1181|17,34,42,84,||0|0|0
1182|17,30,84,||0|0|0
1183|4,81,84,||0|0|0
1184|17,43,84,||0|0|0
1185|40,44,84,||0|0|0
1186|15,17,41,84,||0|0|0
1187|17,81,84,||0|0|0
1188|42,81,84,||0|0|0
1189|6,17,42,||0|0|0
1190|17,42,83,84,||0|0|0
1191|15,41,84,||0|0|0
1192|17,42,81,84,||0|0|0
1193|81,84,||0|0|0
1194|15,17,84,||0|0|0
1195|6,42,81,||0|0|0
1196|9,81,84,||0|0|0
1197|6,9,17,42,||0|0|0
1198|6,17,42,81,||0|0|0
1199|17,34,40,44,84,||0|0|0
1200|17,43,81,84,||0|0|0
1201|34,40,44,||0|0|0
1202|34,40,50,76,84,||0|0|0
1203|4,50,76,81,||0|0|0
1204|42,46,50,76,||0|0|0
1205|50,72,76,||0|0|0
1206|14,46,50,76,||0|0|0
1207|62,80,||0|0|0
1208|11,46,50,76,||0|0|0
1209|43,46,50,76,||0|0|0
1210|46,50,76,80,||0|0|0
1211|50,62,76,||0|0|0
1212|4,14,68,81,||0|0|0
1213|4,16,68,81,||0|0|0
1214|4,68,80,81,||0|0|0
1215|16,62,80,||0|0|0
1216|4,8,14,68,||0|0|0
1217|4,14,46,68,81,||0|0|0
1218|4,14,50,68,81,||0|0|0
1219|4,14,30,68,81,||0|0|0
1220|50,76,80,||0|0|0
1221|11,14,46,50,76,||0|0|0
1222|14,43,46,50,76,||0|0|0
1223|11,50,76,||0|0|0
1224|30,50,76,80,||0|0|0
1225|4,68,72,81,||0|0|0
1226|4,46,68,81,||0|0|0
1227|4,43,68,81,||0|0|0
1228|62,80,81,||0|0|0
1229|4,11,68,81,||0|0|0
1230|62,72,80,||0|0|0
1231|62,73,80,||0|0|0
1232|15,62,76,79,80,||0|0|0
1233|11,50,76,79,||0|0|0
1234|43,50,76,79,||0|0|0
1235|50,76,79,80,||0|0|0
1236|46,50,72,76,||0|0|0
1237|50,72,73,76,||0|0|0
1238|50,72,76,80,||0|0|0
1239|6,46,50,76,79,||0|0|0
1240|6,14,50,76,79,||0|0|0
1241|14,46,50,76,79,||0|0|0
1242|11,46,50,76,79,||0|0|0
1243|43,46,50,76,79,||0|0|0
1244|11,14,50,76,79,||0|0|0
1245|14,43,50,76,79,||0|0|0
1246|14,50,76,79,80,||0|0|0
1247|30,50,76,79,80,||0|0|0
1248|4,30,68,81,||0|0|0
1249|16,72,81,||0|0|0
1250|4,6,30,68,81,||0|0|0
1251|4,30,46,68,81,||0|0|0
1252|4,30,50,68,81,||0|0|0
1253|4,11,30,68,81,||0|0|0
1254|4,30,68,80,81,||0|0|0
1255|30,76,||0|0|0
1256|14,76,||0|0|0
1257|30,80,||0|0|0
1258|30,69,||0|0|0
1259|14,30,4,68,81,||0|0|0
1260|11,14,30,||0|0|0
1261|14,30,80,||0|0|0
1262|6,30,46,||0|0|0
1263|6,30,76,||0|0|0
1264|6,30,69,||0|0|0
1265|30,46,76,||0|0|0
1266|13,46,||0|0|0
1267|30,46,79,||0|0|0
1268|30,46,69,||0|0|0
1269|14,30,76,||0|0|0
1270|11,30,76,||0|0|0
1271|13,76,||0|0|0
1272|30,69,76,||0|0|0
1273|14,30,69,||0|0|0
1274|11,30,80,||0|0|0
1275|11,30,69,||0|0|0
1276|13,80,||0|0|0
1277|13,69,||0|0|0
1278|30,69,80,||0|0|0
1279|80,62,||0|0|0
1280|4,16,68,81,16,72,||0|0|0
1281|6,16,72,||0|0|0
1282|16,50,72,||0|0|0
1283|11,16,72,||0|0|0
1284|16,72,73,||0|0|0
1285|16,72,80,||0|0|0
1286|16,69,72,||0|0|0
1287|68,72,81,||0|0|0
1288|4,6,14,68,81,||0|0|0
1289|4,11,14,68,81,||0|0|0
1290|11,62,80,||0|0|0
1291|4,62,68,80,81,||0|0|0
1292|4,14,68,80,81,||0|0|0
1293|30,46,80,||0|0|0
1294|11,14,30,46,||0|0|0
1295|14,30,46,80,||0|0|0
1296|6,30,46,50,76,||0|0|0
1297|6,14,30,46,||0|0|0
1298|6,13,46,||0|0|0
1299|6,30,46,69,||0|0|0
1300|11,30,46,50,76,||0|0|0
1301|30,46,50,76,80,||0|0|0
1302|30,46,50,69,76,||0|0|0
1303|13,14,46,||0|0|0
1304|14,30,46,69,||0|0|0
1305|17,46,50,76,||0|0|0
1306|17,62,76,80,||0|0|0
1307|4,14,46,68,76,81,||0|0|0
1308|4,16,68,72,76,81,||0|0|0
1309|16,46,72,76,||0|0|0
1310|16,50,72,76,||0|0|0
1311|16,72,76,17,62,76,80,||0|0|0
1312|11,16,72,76,||0|0|0
1313|72,73,76,||0|0|0
1314|16,69,72,76,||0|0|0
1315|16,72,76,4,14,46,68,81,||0|0|0
1316|16,17,62,76,80,||0|0|0
1317|4,14,50,68,76,81,||0|0|0
1318|4,13,14,68,81,||0|0|0
1319|4,14,68,69,81,||0|0|0
1320|16,17,46,62,76,80,||0|0|0
1321|11,17,62,76,80,||0|0|0
1322|62,73,76,80,||0|0|0
1323|4,17,46,62,68,76,80,81,||0|0|0
1324|4,11,46,68,76,81,||0|0|0
1325|14,17,46,50,76,||0|0|0
1326|6,17,46,50,76,||0|0|0
1327|11,17,46,50,76,||0|0|0
1328|13,17,46,50,76,||0|0|0
1329|17,46,50,69,76,||0|0|0
1330|11,14,17,46,50,76,||0|0|0
1331|17,50,76,80,||0|0|0
1332|6,14,17,46,50,76,||0|0|0
1333|6,13,17,46,50,76,||0|0|0
1334|6,17,46,50,69,76,||0|0|0
1335|13,14,17,46,50,76,||0|0|0
1336|14,17,46,50,76,80,||0|0|0
1337|14,17,46,50,69,76,||0|0|0
1338|5,30,50,76,||0|0|0
1339|5,16,72,76,||0|0|0
1340|16,62,76,80,||0|0|0
1341|4,17,68,76,81,||0|0|0
1342|5,6,16,72,76,4,14,68,81,||0|0|0
1343|5,16,46,72,76,||0|0|0
1344|5,16,50,72,76,||0|0|0
1345|5,16,72,76,16,62,80,||0|0|0
1346|5,11,16,72,76,||0|0|0
1347|5,72,73,76,||0|0|0
1348|16,69,72,76,80,||0|0|0
1349|5,16,72,76,4,17,68,81,||0|0|0
1350|16,30,62,76,80,||0|0|0
1351|4,68,76,81,||0|0|0
1352|4,6,17,68,76,81,||0|0|0
1353|16,46,62,76,80,||0|0|0
1354|4,17,46,68,76,81,||0|0|0
1355|4,17,50,68,76,81,||0|0|0
1356|11,16,62,76,80,||0|0|0
1357|16,62,76,80,4,17,68,81,||0|0|0
1358|4,14,17,68,76,81,||0|0|0
1359|4,11,17,68,76,81,||0|0|0
1360|4,13,17,68,76,81,||0|0|0
1361|4,17,68,76,80,81,||0|0|0
1362|5,6,30,50,76,||0|0|0
1363|5,30,46,50,76,||0|0|0
1364|5,14,30,50,76,||0|0|0
1365|5,11,30,50,76,||0|0|0
1366|5,13,30,50,76,||0|0|0
1367|5,30,50,69,76,||0|0|0
1368|5,13,50,76,||0|0|0
1369|5,6,30,46,50,76,||0|0|0
1370|5,6,14,30,50,76,||0|0|0
1371|5,6,13,50,76,||0|0|0
1372|5,11,30,46,50,76,||0|0|0
1373|5,13,46,50,76,||0|0|0
1374|5,14,30,46,50,76,||0|0|0
1375|5,30,46,50,69,76,||0|0|0
1376|5,30,50,76,80,||0|0|0
1377|50,69,76,80,||0|0|0
1378|5,11,14,30,50,76,||0|0|0
1379|5,13,14,50,76,||0|0|0
1380|5,14,30,50,69,76,||0|0|0
1381|5,30,46,||0|0|0
1382|7,16,17,72,||0|0|0
1383|4,7,14,68,81,||0|0|0
1384|7,62,80,||0|0|0
1385|4,7,14,81,||0|0|0
1386|7,16,68,72,81,||0|0|0
1387|16,17,46,72,||0|0|0
1388|7,16,17,72,76,||0|0|0
1389|16,17,72,7,62,80,||0|0|0
1390|7,11,16,17,72,||0|0|0
1391|7,17,72,73,||0|0|0
1392|16,17,72,80,||0|0|0
1393|7,16,17,69,72,||0|0|0
1394|7,16,17,72,81,||0|0|0
1395|4,6,7,14,68,81,||0|0|0
1396|4,7,14,68,76,81,||0|0|0
1397|4,7,13,14,68,81,||0|0|0
1398|4,7,14,68,69,81,||0|0|0
1399|4,6,7,14,81,||0|0|0
1400|46,62,80,||0|0|0
1401|4,7,14,46,81,||0|0|0
1402|4,7,14,76,81,||0|0|0
1403|7,11,62,80,||0|0|0
1404|7,30,62,80,||0|0|0
1405|7,62,69,80,||0|0|0
1406|4,7,62,80,81,||0|0|0
1407|4,7,11,14,81,||0|0|0
1408|4,7,14,30,81,||0|0|0
1409|4,7,14,80,81,||0|0|0
1410|4,7,14,69,81,||0|0|0
1411|5,30,46,76,||0|0|0
1412|5,6,30,46,||0|0|0
1413|5,7,30,50,76,||0|0|0
1414|5,14,30,46,76,||0|0|0
1415|5,7,11,30,76,||0|0|0
1416|5,13,46,76,||0|0|0
1417|5,30,46,76,80,||0|0|0
1418|5,30,46,69,76,||0|0|0
1419|5,14,30,46,||0|0|0
1420|5,7,30,82,||0|0|0
1421|5,8,30,46,||0|0|0
1422|5,7,11,30,||0|0|0
1423|5,13,46,||0|0|0
1424|5,30,46,69,||0|0|0
1425|5,11,30,46,||0|0|0
1426|5,30,80,||0|0|0
1427|5,6,7,30,||0|0|0
1428|5,6,14,30,46,||0|0|0
1429|5,6,13,46,||0|0|0
1430|5,6,30,46,69,||0|0|0
1431|5,7,30,76,||0|0|0
1432|5,46,||0|0|0
1433|5,7,8,30,76,||0|0|0
1434|5,7,13,76,||0|0|0
1435|5,7,14,30,76,||0|0|0
1436|5,7,30,69,76,||0|0|0
1437|5,13,14,30,46,||0|0|0
1438|5,14,30,46,69,||0|0|0
1439|5,11,30,46,69,||0|0|0
1440|5,13,14,46,||0|0|0
1441|80,||0|0|0
1442|5,13,46,69,||0|0|0
1443|7,16,72,||0|0|0
1444|7,16,62,80,||0|0|0
1445|4,7,14,17,68,81,||0|0|0
1446|4,5,7,14,68,81,||0|0|0
1447|6,7,16,72,||0|0|0
1448|7,16,72,76,||0|0|0
1449|7,11,16,72,||0|0|0
1450|7,72,73,||0|0|0
1451|7,16,69,72,||0|0|0
1452|5,7,16,68,72,81,||0|0|0
1453|4,5,6,7,14,68,81,||0|0|0
1454|16,46,62,80,||0|0|0
1455|4,14,17,46,68,81,||0|0|0
1456|7,11,16,62,80,||0|0|0
1457|7,62,73,80,||0|0|0
1458|7,16,62,||0|0|0
1459|7,16,62,69,80,||0|0|0
1460|5,7,16,62,68,80,81,||0|0|0
1461|4,7,11,17,68,81,||0|0|0
1462|4,5,7,68,80,81,||0|0|0
1463|4,5,7,14,68,69,81,||0|0|0
1464|17,30,46,50,76,||0|0|0
1465|14,17,30,46,50,76,||0|0|0
1466|11,17,30,46,50,76,||0|0|0
1467|17,30,46,50,69,76,||0|0|0
1468|6,17,30,46,50,76,||0|0|0
1469|6,14,17,30,46,50,76,||0|0|0
1470|6,13,17,30,46,50,76,||0|0|0
1471|6,17,30,46,50,69,76,||0|0|0
1472|13,17,30,46,50,76,||0|0|0
1473|14,17,30,46,50,69,76,||0|0|0
1474|11,17,30,46,50,69,76,||0|0|0
1475|13,17,46,50,69,76,||0|0|0
1476|11,30,50,76,80,||0|0|0
1477|5,16,30,72,||0|0|0
1478|16,30,62,80,||0|0|0
1479|4,5,14,68,81,||0|0|0
1480|16,30,72,4,14,68,81,||0|0|0
1481|5,6,16,30,72,||0|0|0
1482|16,17,30,46,72,||0|0|0
1483|5,16,30,72,16,30,62,80,||0|0|0
1484|11,16,17,30,72,||0|0|0
1485|5,30,72,73,||0|0|0
1486|16,17,30,72,80,||0|0|0
1487|5,16,30,69,72,||0|0|0
1488|5,16,30,72,4,14,68,81,||0|0|0
1489|4,14,68,76,81,||0|0|0
1490|4,5,6,14,68,81,||0|0|0
1491|16,30,46,62,||0|0|0
1492|4,5,14,46,68,81,||0|0|0
1493|4,5,14,68,76,81,||0|0|0
1494|11,16,30,62,80,||0|0|0
1495|30,62,73,80,||0|0|0
1496|16,30,62,69,80,||0|0|0
1497|16,30,62,80,4,5,14,68,81,||0|0|0
1498|4,5,11,68,81,||0|0|0
1499|4,5,13,14,68,81,||0|0|0
1500|4,5,14,68,69,81,||0|0|0
1501|5,30,76,||0|0|0
1502|5,14,30,76,||0|0|0
1503|5,6,30,76,||0|0|0
1504|5,11,30,76,||0|0|0
1505|5,13,30,76,||0|0|0
1506|17,30,76,80,||0|0|0
1507|5,30,69,76,||0|0|0
1508|5,11,30,||0|0|0
1509|5,13,30,||0|0|0
1510|5,30,76,80,||0|0|0
1511|5,30,69,||0|0|0
1512|5,11,14,30,||0|0|0
1513|17,30,80,||0|0|0
1514|5,6,30,46,50,||0|0|0
1515|5,6,14,30,||0|0|0
1516|5,6,13,30,||0|0|0
1517|5,6,30,69,||0|0|0
1518|5,13,30,46,||0|0|0
1519|5,13,14,30,||0|0|0
1520|5,14,30,69,||0|0|0
1521|5,11,30,69,||0|0|0
1522|13,17,30,76,80,||0|0|0
1523|5,13,30,69,||0|0|0
1524|4,56,68,76,81,||0|0|0
1525|50,62,76,79,80,||0|0|0
1526|14,56,68,76,81,||0|0|0
1527|16,50,72,76,4,56,68,81,||0|0|0
1528|6,16,50,72,76,||0|0|0
1529|16,46,50,72,76,||0|0|0
1530|50,72,76,50,62,79,80,||0|0|0
1531|11,16,50,72,76,||0|0|0
1532|16,50,72,76,79,80,||0|0|0
1533|16,50,72,14,56,68,76,81,||0|0|0
1534|4,30,56,68,76,81,||0|0|0
1535|4,6,56,68,76,81,||0|0|0
1536|4,46,56,68,76,81,||0|0|0
1537|4,50,56,68,76,81,||0|0|0
1538|6,14,56,68,76,81,||0|0|0
1539|46,50,62,76,79,80,||0|0|0
1540|14,46,56,68,76,81,||0|0|0
1541|11,50,62,76,79,80,||0|0|0
1542|50,62,73,76,79,80,||0|0|0
1543|11,14,56,68,76,81,||0|0|0
1544|13,14,56,68,76,81,||0|0|0
1545|56,68,76,79,80,81,||0|0|0
1546|50,56,76,79,||0|0|0
1547|50,79,84,||0|0|0
1548|4,56,76,81,||0|0|0
1549|56,76,80,84,||0|0|0
1550|50,79,84,4,56,76,81,||0|0|0
1551|6,50,79,84,||0|0|0
1552|46,50,79,84,||0|0|0
1553|50,79,84,56,76,80,||0|0|0
1554|30,50,79,84,||0|0|0
1555|50,76,79,80,84,||0|0|0
1556|4,14,56,76,81,||0|0|0
1557|4,6,56,76,81,||0|0|0
1558|4,46,56,76,81,||0|0|0
1559|4,50,56,76,81,||0|0|0
1560|4,30,56,76,81,||0|0|0
1561|46,56,76,80,84,||0|0|0
1562|56,73,76,80,84,||0|0|0
1563|46,50,56,76,||0|0|0
1564|46,50,56,76,79,||0|0|0
1565|5,50,56,76,79,||0|0|0
1566|30,56,79,||0|0|0
1567|50,56,76,84,||0|0|0
1568|5,7,50,76,||0|0|0
1569|30,79,||0|0|0
1570|5,30,79,||0|0|0
1571|7,30,50,76,||0|0|0
1572|16,34,40,||0|0|0
1573|1,16,72,4,81,||0|0|0
1574|1,6,16,72,||0|0|0
1575|1,16,72,34,40,||0|0|0
1576|1,72,73,||0|0|0
1577|4,14,81,||0|0|0
1578|4,46,81,||0|0|0
1579|34,40,73,||0|0|0
1580|16,34,40,4,81,||0|0|0
1581|5,79,81,||0|0|0
1582||1241,|0|4|0
1583||982,|0|6|0
1584||983,|0|3|0
1585||988,|0|6|0
1586||989,|0|6|0
1587||678,|2|4|0
1588||990,|0|0|0
1589||269,|0|4|0
1590||877,|0|7|0
1591||991,|2|1|0
1592||992,|1|6|0
1593||993,|0|4|0
1594||995,|2|3|0
1595||997,|2|0|0
1596||998,|0|0|0
1597||999,|2|3|0
1598||242,|0|0|0
1599||1000,|2|6|0
1600||73,|0|0|0
1601||1001,|0|0|0
1602||754,|0|0|0
1603||678,|2|3|0
1604||989,|0|0|0
1605||176,|2|5|0
1606||1228,|0|0|0
1607||1004,|2|0|0
1608||71,|2|3|0
1609||71,|2|1|0
1610||723,|0|4|0
1611||691,|0|0|0
1612||1005,|1|1|0
1613||982,|2|6|0
1614||1007,|2|7|0
1615||1008,|1|6|0
1616||1007,|0|7|0
1617||1010,|2|5|0
1618||1013,|2|6|0
1619||1014,|2|6|0
1620||1015,|2|6|0
1621||82,|2|6|0
1622||1016,|1|2|0
1623||1017,|1|6|0
1624||1018,|0|0|0
1625||1019,|2|6|0
1626||126,|0|0|0
1627||1021,|2|7|0
1628||1229,|0|0|0
1629||71,|0|1|0
1630||133,|0|0|0
1631||242,|2|3|0
1632||1024,|2|6|0
1633||1025,|0|1|0
1634||120,|0|7|0
1635||1027,|0|0|0
1636||1028,|0|0|0
1637||989,|1|0|0
1638||1029,|0|0|0
1639||1030,|0|3|0
1640||1031,|0|0|0
1641||992,|1|7|0
1642||991,|0|0|0
1643||1033,|0|0|0
1644||1034,|0|0|0
1645||999,|1|6|0
1646||1007,|2|6|0
1647||369,|2|5|0
1648||1036,|2|3|0
1649||1037,|1|6|0
1650||1038,|2|5|0
1651||1039,|0|6|0
1652||1024,|2|7|0
1653||27,|0|0|0
1654||1040,|2|7|0
1655||1041,|2|0|0
1656||1042,|0|1|0
1657||189,|2|7|0
1658||134,|0|7|0
1659||71,|0|0|0
1660||1043,|0|0|0
1661||1045,|2|0|0
1662||1046,|0|0|0
1663||89,|2|1|0
1664||1047,|2|7|0
1665||1048,|0|0|0
1666||295,|2|7|0
1667||1049,|2|0|0
1668||1017,|0|1|0
1669||1230,|2|1|0
1670||676,|0|0|0
1671||71,|1|1|0
1672||723,|0|0|0
1673||1052,|0|0|0
1674||257,|0|0|0
1675||1042,|0|0|0
1676||1031,|2|3|0
1677||91,|0|0|0
1678||992,|0|0|0
1679||907,|1|6|0
1680||1054,|0|0|0
1681||1055,|0|0|0
1682||120,|0|0|0
1683||1056,|2|3|0
1684||1231,|0|6|0
1685||1059,|1|6|0
1686||1017,|0|0|0
1687||1060,|0|0|0
1688||907,|0|0|0
1689||1030,|0|0|0
1690||1062,|0|0|0
1691||692,|2|5|0
1692||1063,|0|0|0
1693||220,|2|4|0
1694||1064,|0|6|0
1695||999,|0|0|0
1696||1065,|2|6|0
1697||1066,|2|6|0
1698||982,|0|0|0
1699||1067,|0|0|0
1700||1069,|0|6|0
1701||189,|0|1|0
1702||1070,|0|1|0
1703||1071,|2|0|0
1704||692,|0|0|0
1705||292,|0|0|0
1706||1072,|2|6|0
1707||1075,|2|6|0
1708||1077,|1|2|0
1709||1078,|0|0|0
1710||1081,|0|0|0
1711||1307,|2|1|0
1712||1083,|0|6|0
1713||992,|2|6|0
1714||188,|2|1|0
1715||1084,|0|6|0
1716||1085,|0|0|0
1717||1086,|0|1|0
1718||1071,|2|6|0
1719||1088,|0|0|0
1720||1089,|0|0|0
1721||46,|0|6|0
1722||1090,|2|6|0
1723||702,|0|6|0
1724||1091,|2|1|0
1725||189,|2|1|0
1726||1092,|0|6|0
1727||1042,|1|2|0
1728||1093,|0|6|0
1729||369,|0|4|0
1730||1094,|2|6|0
1731||1095,|0|1|0
1732||28,|0|4|0
1733||120,|2|7|0
1734||1096,|1|6|0
1735||352,|2|1|0
1736||992,|0|6|0
1737||259,|2|3|0
1738||1232,|2|1|0
1739||676,|0|1|0
1740||18,|0|0|0
1741||1099,|2|1|0
1742||362,|2|1|0
1743||1100,|0|4|0
1744||716,|0|4|0
1745||747,|0|0|0
1746||1101,|2|6|0
1747||1101,|2|5|0
1748||1065,|2|0|0
1749||375,|0|0|0
1750||1102,|0|0|0
1751||204,|0|0|0
1752||1104,|0|0|0
1753||1107,|2|5|0
1754||269,|0|5|0
1755||1109,|2|6|0
1756||1110,|2|5|0
1757||1111,|2|5|0
1758||1113,|0|0|0
1759||1115,|0|0|0
1760||1116,|2|6|0
1761||1066,|0|0|0
1762||205,|0|0|0
1763||89,|0|1|0
1764||1086,|0|0|0
1765||1072,|0|7|0
1766||1124,|0|7|0
1767||1235,|0|0|0
1768||1129,|2|5|0
1769||1131,|2|5|0
1770||600,|2|5|0
1771||1132,|2|6|0
1772||1135,|0|7|0
1773||678,|0|1|0
1774||1137,|2|7|0
1775||800,|0|1|0
1776||1007,|0|6|0
1777||1140,|2|5|0
1778||1141,|0|6|0
1779||1142,|0|0|0
1780||1039,|0|0|0
1781||1144,|2|6|0
1782||1014,|0|6|0
1783||915,|0|1|0
1784||1146,|2|6|0
1785||685,|2|1|0
1786||1148,|2|7|0
1787||1228,|2|1|0
1788||83,|0|7|0
1789||678,|2|1|0
1790||3,|2|6|0
1791||1236,|0|0|0
1792||1152,|0|4|0
1793||1041,|0|0|0
1794||1154,|0|4|0
1795||1240,|2|7|0
1796||1158,|0|4|0
1797||1162,|0|4|0
1798||834,|0|0|0
1799||1163,|2|1|0
1800||1165,|0|6|0
1801||46,|0|0|0
1802||1166,|0|4|0
1803||842,|0|0|0
1804||1045,|0|4|0
1805||1169,|0|0|0
1806||134,|0|0|0
1807||1007,|0|0|0
1808||1175,|2|6|0
1809||1005,|0|0|0
1810||1176,|2|1|0
1811||1177,|2|1|0
1812||1043,|0|4|0
1813||499,|0|0|0
1814||869,|0|0|0
1815||1179,|0|0|0
1816||876,|0|0|0
1817||1180,|0|0|0
1818||1181,|0|0|0
1819||1184,|0|6|0
1820||1185,|0|0|0
1821||1186,|0|0|0
1822||1188,|0|6|0
1823||1189,|2|5|0
1824||1190,|0|0|0
1825||1193,|0|4|0
1826||770,|0|0|0
1827||1194,|0|0|0
1828||1148,|2|6|0
1829||1239,|0|0|0
1830||1188,|0|0|0
1831||901,|0|0|0
1832||862,|0|4|0
1833||903,|0|0|0
1834||1015,|0|4|0
1835||905,|0|0|0
1836||877,|0|6|0
1837||82,|0|6|0
1838||915,|0|0|0
1839||1065,|0|6|0
1840||678,|0|0|0
1841||544,|0|0|0
1842||1154,|0|0|0
1843||1205,|0|0|0
1844||1024,|0|6|0
1845||873,|0|6|0
1846||231,|0|6|0
1847||1209,|2|5|0
1848||3,|0|0|0
1849||932,|0|0|0
1850||1091,|0|0|0
1851||934,|0|0|0
1852||558,|0|0|0
1853||176,|0|0|0
1854||560,|0|0|0
1855||1184,|2|6|0
1856||1213,|0|5|0
1857||1216,|2|6|0
1858||946,|0|0|0
1859||1240,|2|6|0
1860||950,|0|0|0
1861||412,|0|0|0
1862||577,|0|0|0
1863||1220,|2|5|0
1864||954,|0|0|0
1865||955,|0|0|0
1866||275,|0|0|0
1867||1064,|0|0|0
1868||961,|0|0|0
1869||593,|0|0|0
1870||596,|0|0|0
1871||1014,|0|0|0
1872||1223,|2|5|0
1873||1224,|0|0|0
1874||972,|0|0|0
1875||615,|0|0|0
1876||976,|0|0|0
1877||619,|0|0|0
1878||132,|0|0|0
1879||1245,|0|0|0
1880||1246,|0|0|0
1881||1230,|0|0|0
1882||1019,|0|0|0
1883||3,|0|6|0
1884||1261,|0|0|0
1885||254,|0|0|0
1886||1263,|0|0|0
1887||118,|0|0|0
1888||89,|0|0|0
1889||1271,|0|0|0
1890||1272,|0|0|0
1891||1273,|0|0|0
1892||985,|0|0|0
1893||195,|0|0|0
1894|14,||0|0|1
1895||201,|0|0|0
1896|6,||0|0|1
1897||132,|0|0|1
1898|13,||0|0|1
1899|2,||0|0|1
1900||132,|4|24|0
1901||132,|4|24|1
1902||132,|3|22|0
1903|13,14,||0|0|1
1904|2,13,||0|0|0
1905|2,13,||0|0|1
1906|13,14,|132,|0|0|0
1907|13,|-1,|0|0|0
1908|13,14,|132,|0|0|1
1909|5,17,18,12,12,||0|0|0
1910||195,|0|0|1
1911|17,18,12,5,12,||0|0|0
1912|13,|132,|0|0|0
1913|5,18,12,17,12,||0|0|0
1914|14,|132,|0|0|0
1915|63,18,41,||0|0|0
1916|11,||0|0|1
1917|4,|132,|0|0|0
1918|6,|195,|0|0|0
1919|5,|195,|0|0|0
1920||1314,|0|0|0
1921||1297,|0|0|0
1922||173,|0|0|0
1923||1394,|0|0|0
1924||154,|0|0|0
1925||861,|0|0|0
1926||753,|0|0|0
1927||684,|0|0|0
1928||53,|0|0|0
1929||1348,|0|0|0
