2|0|2|0|0|0|0
3|2|2|1|0|0|0
4|3|2|1|4|0|0
5|4|2|1|4|1878|0
6|5|2|1|4|1878|525#100|1|3|
24|5|2|1|4|1878|1878#100|1|0|
25|5|2|1|4|1878|1920#100|1|0|
28|4|2|1|4|3|0
29|28|2|1|4|3|1925#100|1|0|
32|4|2|1|4|427|0
33|32|2|1|4|427|1926#100|1|0|
36|4|2|1|4|18|0
37|36|2|1|4|18|1928#100|1|0|
7|3|2|1|190|0|0
8|7|2|1|190|525|0
9|8|2|1|190|525|35#3|1|6|
10|3|2|1|53|0|0
11|10|2|1|53|35|0
12|11|2|1|53|35|85#100|1|3|
13|10|2|1|53|1917|0
14|13|2|1|53|1917|1878#3|1|6|
15|10|2|1|53|1912|0
16|15|2|1|53|1912|1878#5|1|3|
17|10|2|1|53|1914|0
18|17|2|1|53|1914|1878#0|1|5|
26|10|2|1|53|1924|0
27|26|2|1|53|1924|3#0|1|0|
30|10|2|1|53|1925|0
31|30|2|1|53|1925|427#0|1|0|
34|10|2|1|53|1927|0
35|34|2|1|53|1927|18#0|1|0|
46|10|2|1|53|1929|0
47|46|2|1|53|1929|1878#0|1|1|
19|3|2|1|16|0|0
20|19|2|1|16|1893|0
21|20|2|1|16|1893|13#2|1|0|
22|19|2|1|16|1918|0
23|22|2|1|16|1918|13#5|1|2|
38|0|3|0|0|0|0
39|38|3|1|0|0|0
40|39|3|1|53|0|0
41|40|3|1|53|1928|0
42|41|3|1|53|1928|25#0|1|0|
43|39|3|1|4|0|0
44|43|3|1|4|25|0
45|44|3|1|4|25|1929#100|1|1|
