2|0|12|0|0|
3|2|12|1|0|
4|3|12|1|1|2,6,17,#1|5
5|0|16|0|0|
6|5|16|1|0|
7|6|16|1|1|5,2,6,17,#1|3
8|0|20|0|0|
9|8|20|1|0|
10|9|20|1|1|2,6,17,#1|1
11|0|46|0|0|
12|11|46|1|0|
13|12|46|1|1|2,11,13,#0|1
14|0|50|0|0|
15|14|50|1|0|
16|15|50|1|1|5,2,6,17,13,11,15,#1|1
17|0|53|0|0|
18|17|53|1|0|
19|18|53|1|1|2,6,17,13,4,#0|11
20|0|77|0|0|
21|20|77|1|0|
22|21|77|1|1|2,6,17,14,11,#1|3
23|0|88|0|0|
24|23|88|1|0|
25|24|88|1|1|2,11,13,#0|1
26|0|92|0|0|
27|26|92|1|0|
28|27|92|1|1|5,2,6,17,15,11,#1|15
29|0|81|0|0|
30|29|81|1|0|
31|30|81|1|1|2,6,17,14,11,15,9,4,13,16,12,#1|5
32|0|124|0|0|
33|32|124|1|0|
34|33|124|1|1|2,6,17,13,9,11,16,14,15,12,4,#0|1
35|0|130|0|0|
36|35|130|1|0|
37|36|130|1|1|2,15,16,14,11,9,13,12,4,#0|1
38|0|134|0|0|
39|38|134|1|0|
40|39|134|1|1|2,6,17,9,4,11,13,16,12,14,15,#1|1
41|0|138|0|0|
42|41|138|1|0|
43|42|138|1|1|2,13,#1|1
44|0|146|0|0|
45|44|146|1|0|
46|45|146|1|1|25,26,#1|1
47|0|160|0|0|
48|47|160|1|0|
49|48|160|1|1|25,26,21,31,#1|3
50|0|150|0|0|
51|50|150|1|0|
52|51|150|1|1|25,26,21,31,#-1|1
53|0|172|0|0|
54|53|172|1|0|
55|54|172|1|1|25,26,#1|1
56|0|186|0|0|
57|56|186|1|0|
58|57|186|1|1|25,26,2,13,10,11,16,12,4,15,9,#1|1
59|0|4|0|0|
60|59|4|1|0|
61|60|4|1|1|2,6,17,#1|13
