3|1|2||1,76
4|1|2|1|1
5|1|2|1,3|15
6|1|2|1,4|6
7|1|2|1,5|4
8|1|2|1,6|6,76
9|1|2|1,7|1
10|1|2|1,8|1
11|1|2|1,9|21,76
12|1|2|1,10|15,76
13|1|2|1,11|14
14|1|2|1,12|1
15|1|2|1,13|13
16|1|2|1,14|1
17|1|2|1,15|15
18|1|2|1,16|1
19|1|2|1,17|14,81
20|1|2|2|8,50
21|1|2|2,3|15
22|1|2|2,4|14
23|1|2|2,5|81
24|1|2|2,6|6
25|1|2|2,7|7
26|1|2|2,8|8,50
27|1|2|2,9|9
28|1|2|2,10|1,15
29|1|2|2,11|13
30|1|2|2,12|1,15
31|1|2|2,13|13
32|1|2|2,14|1,14
33|1|2|2,15|1,15
34|1|2|2,16|11
35|1|2|2,17|14,81
36|1|2|3|12
37|1|2|3,5|1,16
38|1|2|3,6|1,6,15
39|1|2|3,7|1,15
40|1|2|3,8|1,15
41|1|2|3,9|1,21
42|1|2|3,10|1,12,41
43|1|2|3,12|1,12
44|1|2|3,13|1,10
45|1|2|3,14|1,10,83
46|1|2|3,15|1,15
47|1|2|3,16|1
48|1|2|3,17|80,83
49|1|2|4|8,50
50|1|2|4,5|30,81
51|1|2|4,9|1,83
52|1|2|4,10|1,40
53|1|2|4,12|1,15
54|1|2|4,14|14,30
55|1|2|4,15|1,15
56|1|2|4,17|68,81
57|1|2|5|14,68
58|1|2|5,6|6,81
59|1|2|5,7|7,30
60|1|2|5,8|8,30,50
61|1|2|5,9|6,16,33
62|1|2|5,11|14,37,81
63|1|2|5,13|14,30,46
64|1|2|5,14|7,14,68
65|1|2|5,16|6,30
66|1|2|5,17|14,31,68,81
67|1|2|6|6,8
68|1|2|6,7|6,7,46
69|1|2|6,8|6,8,46
70|1|2|6,9|1,76
71|1|2|6,11|6,30
72|1|2|6,13|6,8,46
73|1|2|6,14|6,14
74|1|2|6,16|6
75|1|2|6,17|6,68,81
76|1|2|7|30,46
77|1|2|7,8|8,30,46
78|1|2|7,10|1,73
79|1|2|7,11|30,46,68
80|1|2|7,12|1,11
81|1|2|7,13|13,46,68
82|1|2|7,14|14,46,68
83|1|2|7,15|1,76
84|1|2|7,16|8,46,50
85|1|2|7,17|68
86|1|2|8|8,50
87|1|2|8,11|30,50
88|1|2|8,12|1,76
89|1|2|8,13|13,50
90|1|2|8,14|14,50,68
91|1|2|8,15|1,76
92|1|2|8,16|50
93|1|2|8,17|4,50
94|1|2|10|15
95|1|2|10,12|4,15
96|1|2|10,13|1,73
97|1|2|10,14|1,42
98|1|2|10,15|1,15
99|1|2|10,16|1,76
100|1|2|10,17|1,16
101|1|2|11|30,50
102|1|2|11,12|1,11,76
103|1|2|11,13|13,50
104|1|2|11,14|8,14,50
105|1|2|11,15|1,15,76
106|1|2|11,16|6
107|1|2|11,17|30,81
108|1|2|12|1,11,76
109|1|2|12,15|1,15,76
110|1|2|12,16|1,6,76
111|1|2|12,17|11,15
112|1|2|13|7,13,50
113|1|2|13,14|8,13,14,50
114|1|2|13,15|1,76
115|1|2|13,16|83
116|1|2|13,17|13,68,81
117|1|2|14|8,14,50
118|1|2|14,15|1,11,76
119|1|2|14,16|6,50
120|1|2|14,17|14,64,81
121|1|2|15|11,15
122|1|2|15,16|6,11,50
123|1|2|15,17|1,4,76
124|1|2|16|6,50
125|1|2|16,17|4,6
126|1|2|17|4,50,81
129|1|7||1
130|1|7|1|21
131|1|7|1,3|12,21
132|1|7|1,5|4
133|1|7|1,6|6
134|1|7|1,5,6|6
135|1|7|2,5|4
136|1|7|2,6|6
137|1|7|3,5|83
138|1|7|3,6|6
139|1|7|4,5|6,14,68,81
140|1|7|5,6|6
141|1|7|5,7|6,46
142|1|7|5,8|6,8
143|1|7|5,11|4,6,30
144|1|7|5,13|6,30
145|1|7|5,14|6,14
146|1|7|5,16|6
147|1|7|5,17|6,14
148|1|7|6|6
149|1|7|6,7|6
150|1|7|6,8|6
151|1|7|6,9|6
152|1|7|6,11|6,30
153|1|7|6,13|6
154|1|7|6,14|6
155|1|7|6,16|6
156|1|7|6,17|6,14
157|1|7|6,16,17|6,14
158|1|7|8|6,8
159|1|7|8,11|6,8,30
160|1|7|8,13|6,14,50
161|1|7|9|21,38
162|1|7|9,10|12,21
163|1|7|10|15,21
164|1|7|10,12|21
165|1|7|10,13|1,21
166|1|7|10,14|1,21
167|1|7|11|6,30
168|1|7|11,13|6,13
169|1|7|11,14|6,14
170|1|7|11,16|6,68
171|1|7|11,17|6,14,30
172|1|7|12|12,15
173|1|7|12,15|15,21
174|1|7|12,16|6,11
175|1|7|13|6
176|1|7|13,14|6,30
177|1|7|13,16|6,72
178|1|7|13,17|6,30,81
179|1|7|14|1,6
180|1|7|14,16|6
181|1|7|14,17|6,30,81
182|1|7|15|1,15
183|1|7|15,16|1
184|1|7|15,17|81
185|1|7|16|4,6
186|1|7|16,17|4,81
187|1|7|17|6
188|1|11||16
189|1|11|1|50,76
190|1|11|1,3|16
191|1|11|1,4|50,76
192|1|11|1,5|30
193|1|11|1,6|6,76
194|1|11|1,7|46
195|1|11|1,8|50
196|1|11|1,9|16
197|1|11|1,10|16
198|1|11|1,11|14,30
199|1|11|1,12|50,76
200|1|11|1,13|50,76
201|1|11|1,14|50,76
202|1|11|1,15|15
203|1|11|1,16|4
204|1|11|1,17|4,30,81
205|1|11|2|50,76
206|1|11|2,3|1,16
207|1|11|2,4|4,30
208|1|11|2,5|4,37,81
209|1|11|2,6|6,30
210|1|11|2,7|46
211|1|11|2,8|50,76
212|1|11|2,10|16,83
213|1|11|2,11|14
214|1|11|2,12|11
215|1|11|2,13|30
216|1|11|2,14|14,30
217|1|11|2,15|11,15
218|1|11|2,16|16
219|1|11|2,17|4,68,81
220|1|11|3|1,83
221|1|11|3,5|1,81
222|1|11|3,6|56,62
223|1|11|3,7|1,56
224|1|11|3,8|1,56
225|1|11|3,9|83
226|1|11|3,10|73
227|1|11|3,12|11,16
228|1|11|3,13|62,83
229|1|11|3,14|62,83
230|1|11|3,15|15
231|1|11|3,16|56,62
232|1|11|3,17|16,83
233|1|11|4|14,30
234|1|11|4,5|14,68,81
235|1|11|4,9|16,83
236|1|11|4,10|1,62
237|1|11|4,12|11
238|1|11|4,14|14,30
239|1|11|4,15|1,62
240|1|11|4,17|4,68,81
241|1|11|5|14,30,81
242|1|11|5,6|6,81
243|1|11|5,7|46,81
244|1|11|5,8|50,81
245|1|11|5,9|83
246|1|11|5,11|11,30,68,81
247|1|11|5,13|14,81
248|1|11|5,14|14,81
249|1|11|5,16|6,81
250|1|11|5,17|4,68,81
251|1|11|6|6,30
252|1|11|6,7|6,46
253|1|11|6,8|6,50
254|1|11|6,9|6
255|1|11|6,11|6,30
256|1|11|6,13|6,30
257|1|11|6,14|6,30
258|1|11|6,16|6
259|1|11|6,17|6,11,81
260|1|11|7|30,46
261|1|11|7,8|46,50
262|1|11|7,10|1,62
263|1|11|7,11|11,30,46
264|1|11|7,13|30,46
265|1|11|7,14|30,46
266|1|11|7,16|46
267|1|11|7,17|46,68,81
268|1|11|10|1,16
269|1|11|10,12|1,15,16
270|1|11|10,13|1,83
271|1|11|10,14|1,83
272|1|11|10,15|1,15
273|1|11|10,16|83
274|1|11|10,17|1,83
275|1|11|11|14,30,68
276|1|11|11,12|11,62
277|1|11|11,13|14,30,68
278|1|11|11,14|14,30,68
279|1|11|11,15|1
280|1|11|11,16|11,30
281|1|11|11,17|14,68,81
282|1|11|12|11
283|1|11|12,15|1,11
284|1|11|12,16|1,11
285|1|11|12,17|11,81
286|1|11|13|14
287|1|11|13,14|14,31
288|1|11|13,15|1
289|1|11|13,16|30
290|1|11|13,17|14,31,81
291|1|11|14|11,14
292|1|11|14,16|11
293|1|11|14,17|14,31,81
294|1|11|15|1,11
295|1|11|15,16|1,11
296|1|11|15,17|1,81
297|1|11|16|30
298|1|11|16,17|30,81
299|1|11|17|4,81
300|1|1,2||17,50
301|1|1,2|1|1,5
302|1|1,2|1,3|1,17,42
303|1|1,2|1,4|5,76
304|1|1,2|1,5|1,81
305|1|1,2|1,6|1,5,6
306|1|1,2|1,7|1,18
307|1|1,2|1,8|1,18
308|1|1,2|1,9|1,83
309|1|1,2|1,10|38,62
310|1|1,2|1,11|1,17,30
311|1|1,2|1,12|1,15,17
312|1|1,2|1,13|1,5
313|1|1,2|1,14|1,5
314|1|1,2|1,15|15,56
315|1|1,2|1,16|1,5
316|1|1,2|1,17|5,81
317|1|1,2|2|5
318|1|1,2|2,3|5,73
319|1|1,2|2,4|5,14
320|1|1,2|2,5|4,68,81
321|1|1,2|2,6|5,6
322|1|1,2|2,7|18
323|1|1,2|2,8|18
324|1|1,2|2,9|73
325|1|1,2|2,10|56,73
326|1|1,2|2,11|5,30
327|1|1,2|2,12|1,49
328|1|1,2|2,13|5,30
329|1|1,2|2,14|5,14
330|1|1,2|2,15|1,5,15
331|1|1,2|2,16|17
332|1|1,2|2,17|4,5,81
333|1|1,2|3|1,17,73
334|1|1,2|3,5|73,81
335|1|1,2|3,6|4,6,81
336|1|1,2|3,7|1,17,73
337|1|1,2|3,8|1,17,73
338|1|1,2|3,9|1,17,73
339|1|1,2|3,10|1,17,73,83
340|1|1,2|3,12|1,17
341|1|1,2|3,13|1,17
342|1|1,2|3,14|1,17
343|1|1,2|3,15|1,17
344|1|1,2|3,16|1,17
345|1|1,2|3,17|1,5,81
346|1|1,2|4|5,30
347|1|1,2|4,5|4,81
348|1|1,2|4,9|1,50,56
349|1|1,2|4,10|1,50,56,73
350|1|1,2|4,12|1,50,56
351|1|1,2|4,14|5,30
352|1|1,2|4,15|30,49
353|1|1,2|4,17|4,17,81
354|1|1,2|5|4,68,81
355|1|1,2|5,6|6,68,81
356|1|1,2|5,7|30,46
357|1|1,2|5,8|30,50
358|1|1,2|5,9|81
359|1|1,2|5,11|68,81
360|1|1,2|5,13|30,81
361|1|1,2|5,14|14,81
362|1|1,2|5,16|4,81
363|1|1,2|5,17|4,68,81
364|1|1,2|6|6,17
365|1|1,2|6,7|6,17
366|1|1,2|6,8|6,17
367|1|1,2|6,9|6,17
368|1|1,2|6,11|6,17
369|1|1,2|6,13|6,17
370|1|1,2|6,14|6,17
371|1|1,2|6,16|6,17
372|1|1,2|6,17|5,6,81
373|1|1,2|7|17
374|1|1,2|7,8|17
375|1|1,2|7,10|5,56,62
376|1|1,2|7,11|17,30
377|1|1,2|7,12|17,49
378|1|1,2|7,13|17,30
379|1|1,2|7,14|17,30
380|1|1,2|7,15|17,49
381|1|1,2|7,16|5
382|1|1,2|7,17|17,81
383|1|1,2|8|5
384|1|1,2|8,11|5,30
385|1|1,2|8,12|17,49
386|1|1,2|8,13|5,30
387|1|1,2|8,14|5,30
388|1|1,2|8,15|17,49
389|1|1,2|8,16|5,30
390|1|1,2|8,17|17,81
391|1|1,2|9|17
392|1|1,2|9,10|17,38
393|1|1,2|9,12|17,49
394|1|1,2|9,13|17
395|1|1,2|9,16|17
396|1|1,2|9,17|17,81
397|1|1,2|10|38,73
398|1|1,2|10,12|12,15
399|1|1,2|10,13|62,73
400|1|1,2|10,14|62,73
401|1|1,2|10,15|17,38
402|1|1,2|10,16|17,38
403|1|1,2|10,17|17,73,81
404|1|1,2|11|5,30
405|1|1,2|11,12|17,49
406|1|1,2|11,13|5
407|1|1,2|11,14|5,30
408|1|1,2|11,15|17,30
409|1|1,2|11,16|17,49
410|1|1,2|11,17|30,68,81
411|1|1,2|12|15,17
412|1|1,2|12,15|15,17
413|1|1,2|12,16|15,17
414|1|1,2|12,17|17,49,81
415|1|1,2|13|17,30
416|1|1,2|13,14|17,30
417|1|1,2|13,15|17,30,49
418|1|1,2|13,16|17,30
419|1|1,2|13,17|30,81
420|1|1,2|14|17,30
421|1|1,2|14,15|17,30
422|1|1,2|14,16|17,30,49
423|1|1,2|14,17|17,30
424|1|1,2|15|15,17
425|1|1,2|15,16|17
426|1|1,2|15,17|17,81
427|1|1,2|16|17
428|1|1,2|16,17|17,81
429|1|1,2|17|17,81
430|1|2,3||46,50
431|1|2,3|1|7,46,50
432|1|2,3|1,3|46,50,73
433|1|2,3|1,4|7,14,46,50
434|1|2,3|1,5|4,46,50,81
435|1|2,3|1,6|6,7,46,50
436|1|2,3|1,7|8,46,50
437|1|2,3|1,8|46,50
438|1|2,3|1,9|46,50,72
439|1|2,3|1,10|50,73,76
440|1|2,3|1,11|14,30,46,50
441|1|2,3|1,12|8,46,49,50
442|1|2,3|1,13|8,30,46,50
443|1|2,3|1,14|8,30,46,50
444|1|2,3|1,15|15,50,76
445|1|2,3|1,16|50,76
446|1|2,3|1,17|4,46,50,81
447|1|2,3|2|46,50
448|1|2,3|2,3|50,73,76
449|1|2,3|2,4|14,46,50
450|1|2,3|2,5|4,46,50,81
451|1|2,3|2,6|6,46,50
452|1|2,3|2,7|30,46,50
453|1|2,3|2,8|30,46,50
454|1|2,3|2,9|46,50,76
455|1|2,3|2,10|50,73,76
456|1|2,3|2,11|14,46,50
457|1|2,3|2,12|16,49,50
458|1|2,3|2,13|30,46,50
459|1|2,3|2,14|14,46,50
460|1|2,3|2,15|15,50,76
461|1|2,3|2,16|46,50
462|1|2,3|2,17|4,46,50,81
463|1|2,3|3|50,76,83
464|1|2,3|3,5|50,76,81
465|1|2,3|3,6|6,50,73,76
466|1|2,3|3,7|50,76,83
467|1|2,3|3,8|50,76,83
468|1|2,3|3,9|50,73,76,83
469|1|2,3|3,10|40,50,76,83
470|1|2,3|3,12|49,50,76,83
471|1|2,3|3,13|50,73,76,83
472|1|2,3|3,14|50,73,76,83
473|1|2,3|3,15|15,50,76,83
474|1|2,3|3,16|50,76,83
475|1|2,3|3,17|50,76,81,83
476|1|2,3|4|30,46,50
477|1|2,3|4,5|46,50,81
478|1|2,3|4,9|46,50,73
479|1|2,3|4,10|40,50,73
480|1|2,3|4,12|30,46,49,50
481|1|2,3|4,14|14,46,50
482|1|2,3|4,15|15,50,76
483|1|2,3|4,17|4,46,50,81
484|1|2,3|5|46,50,81
485|1|2,3|5,6|6,46,50
486|1|2,3|5,7|46,50
487|1|2,3|5,8|46,50
488|1|2,3|5,9|46,50
489|1|2,3|5,11|30,46,50
490|1|2,3|5,13|30,46,50
491|1|2,3|5,14|30,46,50
492|1|2,3|5,16|46,50
493|1|2,3|5,17|4,46,50,81
494|1|2,3|6|6,46,50
495|1|2,3|6,7|6,46,50
496|1|2,3|6,8|6,46,50
497|1|2,3|6,9|6,46,50
498|1|2,3|6,11|6,30,46,50
499|1|2,3|6,13|6,13,46,50
500|1|2,3|6,14|6,14,46,50
501|1|2,3|6,16|6,46,50
502|1|2,3|6,17|6,46,50,81
503|1|2,3|7|46,50
504|1|2,3|7,8|46,50
505|1|2,3|7,10|46,50,73
506|1|2,3|7,11|30,46,50
507|1|2,3|7,12|1,46,49,50
508|1|2,3|7,13|13,46,50
509|1|2,3|7,14|14,46,50
510|1|2,3|7,15|15,46,50
511|1|2,3|7,16|46,50
512|1|2,3|7,17|46,50,81
513|1|2,3|8|30,46,50
514|1|2,3|8,11|30,46,50
515|1|2,3|8,12|1,46,49,50
516|1|2,3|8,13|13,46,50
517|1|2,3|8,14|14,46,50
518|1|2,3|8,15|15,46,50,76
519|1|2,3|8,16|46,50
520|1|2,3|8,17|46,50,81
521|1|2,3|9|50,76
522|1|2,3|9,10|40,50,76
523|1|2,3|9,12|16,50,76
524|1|2,3|9,13|13,50,76
525|1|2,3|9,14|30,50,76
526|1|2,3|9,15|15,50,76
527|1|2,3|9,16|50,76
528|1|2,3|9,17|50,76,81
529|1|2,3|10|50,73,76
530|1|2,3|10,12|50,73,76
531|1|2,3|10,13|50,73,76
532|1|2,3|10,14|50,73,76
533|1|2,3|10,15|50,73,76
534|1|2,3|10,16|50,73,76
535|1|2,3|10,17|50,73,76,81
536|1|2,3|11|30,46,50
537|1|2,3|11,12|30,46,50
538|1|2,3|11,13|30,46,50
539|1|2,3|11,14|30,46,50
540|1|2,3|11,15|46,49,50
541|1|2,3|11,16|46,50
542|1|2,3|11,17|30,46,50,81
543|1|2,3|12|7,50,76
544|1|2,3|12,15|7,49,50,76
545|1|2,3|12,16|7,50,76
546|1|2,3|12,17|7,50,76,81
547|1|2,3|13|13,46,50
548|1|2,3|13,14|13,46,50
549|1|2,3|13,15|46,49,50
550|1|2,3|13,16|13,46,50
551|1|2,3|13,17|13,46,50,81
552|1|2,3|14|13,46,50
553|1|2,3|14,15|46,50
554|1|2,3|14,16|46,50
555|1|2,3|14,17|46,50,81
556|1|2,3|15|50,76
557|1|2,3|15,16|50,76
558|1|2,3|15,17|50,76,81
559|1|2,3|16|7,50
560|1|2,3|16,17|7,50,81
561|1|2,3|17|7,50,81
562|1|2,5||50,76,79
563|1|2,5|1|1,50,76,79
564|1|2,5|1,3|34,50,76,79
565|1|2,5|1,4|30,50,76,79
566|1|2,5|1,5|50,76,79,81
567|1|2,5|1,6|6,50,76,79
568|1|2,5|1,7|8,50,76,79
569|1|2,5|1,8|50,76,79
570|1|2,5|1,9|50,76,79
571|1|2,5|1,10|40,50,76,79
572|1|2,5|1,11|30,50,76,79
573|1|2,5|1,12|49,50,76,79
574|1|2,5|1,13|30,50,76,79
575|1|2,5|1,14|30,50,76,79
576|1|2,5|1,15|15,50,76,79
577|1|2,5|1,16|50,76,79
578|1|2,5|1,17|50,76,79,81
579|1|2,5|2|50,76,79
580|1|2,5|2,3|50,62,76,79
581|1|2,5|2,4|30,50,76,79
582|1|2,5|2,5|50,76,79,81
583|1|2,5|2,6|6,50,76,79
584|1|2,5|2,7|46,50,76,79
585|1|2,5|2,8|50,76,79
586|1|2,5|2,9|50,76,79
587|1|2,5|2,10|34,40,50,76,79
588|1|2,5|2,11|30,50,76,79
589|1|2,5|2,12|49,50,76,79
590|1|2,5|2,13|30,50,76,79
591|1|2,5|2,14|30,50,76,79
592|1|2,5|2,15|15,50,76,79
593|1|2,5|2,16|50,76,79
594|1|2,5|2,17|50,76,79,81
595|1|2,5|3|50,62,72,76,79
596|1|2,5|3,5|50,76,79,81
597|1|2,5|3,6|6,50,76,79
598|1|2,5|3,7|50,73,76,79
599|1|2,5|3,8|50,73,76,79
600|1|2,5|3,9|50,72,76,79
601|1|2,5|3,10|40,50,76,79
602|1|2,5|3,12|50,72,76,79
603|1|2,5|3,13|50,73,76,79
604|1|2,5|3,14|50,73,76,79
605|1|2,5|3,15|50,72,76,79
606|1|2,5|3,16|50,72,76,79
607|1|2,5|3,17|50,72,76,79,81
608|1|2,5|4|30,50,76,79
609|1|2,5|4,5|4,50,68,76,79,81
610|1|2,5|4,9|30,50,76,79
611|1|2,5|4,10|50,73,76,79
612|1|2,5|4,12|30,49,50,76,79
613|1|2,5|4,14|30,50,76,79
614|1|2,5|4,15|15,50,76,79
615|1|2,5|4,17|30,50,76,79,81
616|1|2,5|5|50,76,79,81
617|1|2,5|5,6|6,50,76,79,81
618|1|2,5|5,7|46,50,79,81
619|1|2,5|5,8|50,76,79,81
620|1|2,5|5,9|50,76,79,81
621|1|2,5|5,11|30,50,76,79,81
622|1|2,5|5,13|30,50,76,79,81
623|1|2,5|5,14|30,50,76,79,81
624|1|2,5|5,16|50,76,79,81
625|1|2,5|5,17|50,76,79,81
626|1|2,5|6|6,50,76,79
627|1|2,5|6,7|6,46,50,79
628|1|2,5|6,8|6,50,76,79
629|1|2,5|6,9|6,50,76,79
630|1|2,5|6,11|6,30,50,76,79
631|1|2,5|6,13|6,30,50,76,79
632|1|2,5|6,14|6,30,50,76,79
633|1|2,5|6,16|6,50,76,79
634|1|2,5|6,17|6,50,76,79,81
635|1|2,5|7|46,50,79
636|1|2,5|7,8|46,50,79
637|1|2,5|7,10|50,73,76,79
638|1|2,5|7,11|30,46,50,79
639|1|2,5|7,12|46,49,50,79
640|1|2,5|7,13|30,46,50,79
641|1|2,5|7,14|30,46,50,79
642|1|2,5|7,15|15,50,76,79
643|1|2,5|7,16|46,50,79
644|1|2,5|7,17|46,50,79,81
645|1|2,5|9|50,76,79
646|1|2,5|9,10|50,73,76,79
647|1|2,5|9,12|49,50,76,79
648|1|2,5|9,13|50,76,79
649|1|2,5|9,14|50,76,79
650|1|2,5|9,15|15,50,76,79
651|1|2,5|9,16|50,76,79
652|1|2,5|9,17|50,76,79,81
653|1|2,5|10|40,50,56,76,83
654|1|2,5|10,12|40,50,56,73,76,83
655|1|2,5|10,13|40,50,73,76
656|1|2,5|10,14|40,50,73,76
657|1|2,5|10,15|15,40,50,73,76
658|1|2,5|10,16|40,50,56,76,83
659|1|2,5|10,17|40,50,56,76,83
660|1|2,5|11|50,76,79
661|1|2,5|11,12|49,50,76,79
662|1|2,5|11,13|30,50,76,79
663|1|2,5|11,14|30,50,76,79
664|1|2,5|11,15|15,50,76,79
665|1|2,5|11,16|50,76,79
666|1|2,5|11,17|50,76,79,81
667|1|2,5|12|50,76,79
668|1|2,5|12,15|50,76,79
669|1|2,5|12,16|50,76,79
670|1|2,5|12,17|50,76,79,81
671|1|2,5|13|30,50,76,79
672|1|2,5|13,14|15,50,76,79
673|1|2,5|13,15|30,50,76,79
674|1|2,5|13,16|30,50,76,79
675|1|2,5|13,17|30,50,76,79,81
676|1|2,5|14|30,50,76
677|1|2,5|14,15|30,50,76
678|1|2,5|14,16|30,50,76
679|1|2,5|14,17|30,50,76,81
680|1|2,5|15|50,76,79
681|1|2,5|15,16|50,76,79
682|1|2,5|15,17|50,76,79,81
683|1|2,5|16|50,76,79
684|1|2,5|16,17|50,76,79,81
685|1|2,5|17|50,76,79,81
686|1|6,11||76,80
687|1|6,11|1|1,76,80
688|1|6,11|1,3|1,16,76,80
689|1|6,11|1,4|1,14,76,80
690|1|6,11|1,5|1,76,80,81
691|1|6,11|1,6|1,6,76,80
692|1|6,11|1,7|1,9,76,80
693|1|6,11|1,8|1,9,76,80
694|1|6,11|1,9|1,9,76,80
695|1|6,11|1,10|1,16,40,76,80
696|1|6,11|1,11|1,30,76,80
697|1|6,11|1,12|1,9,76,80
698|1|6,11|1,13|1,30,76,80
699|1|6,11|1,14|1,30,76,80
700|1|6,11|1,15|1,15,76,80
701|1|6,11|1,16|1,76,80
702|1|6,11|1,17|1,76,80,81
703|1|6,11|2|76,80
704|1|6,11|2,3|16,72,76,80
705|1|6,11|2,4|14,76,80
706|1|6,11|2,5|68,76,80,81
707|1|6,11|2,6|6,76,80
708|1|6,11|2,7|9,76,80
709|1|6,11|2,8|9,76,80
710|1|6,11|2,9|9,76,80
711|1|6,11|2,10|16,40,76,80
712|1|6,11|2,11|30,76,80
713|1|6,11|2,12|9,76,80
714|1|6,11|2,13|30,76,80
715|1|6,11|2,14|30,76,80
716|1|6,11|2,15|15,76,80
717|1|6,11|2,16|76,80
718|1|6,11|2,17|68,76,80,81
719|1|6,11|3|72,76,80
720|1|6,11|3,5|72,76,80,81
721|1|6,11|3,6|72,76,80
722|1|6,11|3,7|6,9,72,76,80
723|1|6,11|3,8|6,9,72,76,80
724|1|6,11|3,9|6,9,72,76,80
725|1|6,11|3,10|40,72,76,80
726|1|6,11|3,12|9,72,76,80
727|1|6,11|3,13|72,73,76,80
728|1|6,11|3,14|72,73,76,80
729|1|6,11|3,15|15,72,76,80
730|1|6,11|3,16|72,76,80
731|1|6,11|3,17|72,76,80,81
732|1|6,11|4|14,76,80
733|1|6,11|4,5|14,68,76,80,81
734|1|6,11|4,9|9,76,80
735|1|6,11|4,10|40,73,76,80
736|1|6,11|4,12|9,76,80
737|1|6,11|4,14|14,30,76,80
738|1|6,11|4,15|15,76,80
739|1|6,11|4,17|14,68,76,80,81
740|1|6,11|5|76,80,81
741|1|6,11|5,6|6,76,80,81
742|1|6,11|5,7|9,76,80,81
743|1|6,11|5,8|9,76,80,81
744|1|6,11|5,9|9,76,80,81
745|1|6,11|5,11|14,76,80,81
746|1|6,11|5,13|9,76,80,81
747|1|6,11|5,14|14,30,76,80,81
748|1|6,11|5,16|76,80,81
749|1|6,11|5,17|4,68,76,80,81
750|1|6,11|6|6,76,80
751|1|6,11|6,7|6,9,76,80
752|1|6,11|6,8|6,9,76,80
753|1|6,11|6,9|6,9,76,80
754|1|6,11|6,11|6,30,76,80
755|1|6,11|6,13|6,30,76,80
756|1|6,11|6,14|6,30,76,80
757|1|6,11|6,16|6,76,80
758|1|6,11|6,17|6,68,76,80,81
759|1|6,11|7|9,76,80
760|1|6,11|7,8|9,76,80
761|1|6,11|7,10|73,76,80
762|1|6,11|7,11|9,30,76,80
763|1|6,11|7,12|9,76,80
764|1|6,11|7,13|9,30,76,80
765|1|6,11|7,14|9,30,76,80
766|1|6,11|7,15|15,76,80
767|1|6,11|7,16|9,76,80
768|1|6,11|7,17|9,76,80,81
769|1|6,11|8|9,76,80
770|1|6,11|8,11|30,76,80
771|1|6,11|8,12|9,76,80
772|1|6,11|8,13|9,30,76,80
773|1|6,11|8,14|9,30,76,80
774|1|6,11|8,15|15,76,80
775|1|6,11|8,16|9,76,80
776|1|6,11|8,17|9,76,80,81
777|1|6,11|9|9,76,80
778|1|6,11|9,10|40,76,80
779|1|6,11|9,12|9,76,80
780|1|6,11|9,13|9,76,80
781|1|6,11|9,14|9,76,80
782|1|6,11|9,15|15,76,80
783|1|6,11|9,16|9,76,80
784|1|6,11|9,17|9,76,80,81
785|1|6,11|10|40,76,80,83
786|1|6,11|10,12|40,76,80,83
787|1|6,11|10,13|40,73,76,80,83
788|1|6,11|10,14|40,73,76,80,83
789|1|6,11|10,15|15,40,76,80
790|1|6,11|10,16|40,76,80,83
791|1|6,11|10,17|40,76,80,81
792|1|6,11|11|30,76,80
793|1|6,11|11,12|30,49,76,80
794|1|6,11|11,13|30,76,80
795|1|6,11|11,14|30,76,80
796|1|6,11|11,15|15,76,80
797|1|6,11|11,16|30,76,80
798|1|6,11|11,17|30,76,80,81
799|1|6,11|12|15,76,80
800|1|6,11|12,15|76,80
801|1|6,11|12,16|76,80
802|1|6,11|12,17|76,80,81
803|1|6,11|13|30,76,80
804|1|6,11|13,14|30,76,80
805|1|6,11|13,15|15,76,80
806|1|6,11|13,16|30,76,80
807|1|6,11|13,17|30,76,80,81
808|1|6,11|14|30,76,80
809|1|6,11|14,15|30,76,80
810|1|6,11|14,16|30,76,80
811|1|6,11|14,17|30,76,80,81
812|1|6,11|15|15,76,80
813|1|6,11|15,16|15,76,80
814|1|6,11|15,17|15,76,80,81
815|1|6,11|16|76,80
816|1|6,11|16,17|76,80,81
817|1|6,11|17|76,80,81
818|1|3,11||16,46
819|1|3,11|1|1,16,72
820|1|3,11|1,3|1,16,46
821|1|3,11|1,4|1,14,46
822|1|3,11|1,5|1,46,68,81
823|1|3,11|1,6|1,6,16,46
824|1|3,11|1,7|1,16,46
825|1|3,11|1,8|1,16,46,50
826|1|3,11|1,9|1,16,46
827|1|3,11|1,10|1,16,83
828|1|3,11|1,11|1,14,46
829|1|3,11|1,12|1,16,46,49
830|1|3,11|1,13|1,16,30,46
831|1|3,11|1,14|1,14,16,46
832|1|3,11|1,15|1,15,16
833|1|3,11|1,16|1,16,46
834|1|3,11|1,17|1,16,46,68,81
835|1|3,11|2|16,46
836|1|3,11|2,3|16,46,72
837|1|3,11|2,4|14,46
838|1|3,11|2,5|16,46,68,81
839|1|3,11|2,6|6,16,46
840|1|3,11|2,7|16,46
841|1|3,11|2,8|16,46,50
842|1|3,11|2,9|16,46
843|1|3,11|2,10|16,40,83
844|1|3,11|2,11|16,30,46
845|1|3,11|2,12|16,46,49
846|1|3,11|2,13|16,30,46
847|1|3,11|2,14|16,30,46
848|1|3,11|2,15|15,16
849|1|3,11|2,16|16,46
850|1|3,11|2,17|16,46,68,81
851|1|3,11|3|16,72,76
852|1|3,11|3,5|16,72,76,81
853|1|3,11|3,6|6,16,72,76
854|1|3,11|3,7|9,16,72,76
855|1|3,11|3,8|9,16,72,76
856|1|3,11|3,9|9,16,72,76
857|1|3,11|3,10|16,40,72,76,83
858|1|3,11|3,12|16,72,76
859|1|3,11|3,13|16,72,73,76
860|1|3,11|3,14|16,72,73,76
861|1|3,11|3,15|15,16,72,76
862|1|3,11|3,16|16,72,76
863|1|3,11|3,17|16,72,76,81
864|1|3,11|4|14,16,46
865|1|3,11|4,5|14,16,46,68,81
866|1|3,11|4,9|14,16,46
867|1|3,11|4,10|16,46,73
868|1|3,11|4,12|16,46,49
869|1|3,11|4,14|14,16,46
870|1|3,11|4,15|15,16,46
871|1|3,11|4,17|14,16,46,81
872|1|3,11|5|16,46,81
873|1|3,11|5,6|6,16,46,81
874|1|3,11|5,7|16,46,81
875|1|3,11|5,8|16,46,50,81
876|1|3,11|5,9|16,46,81
877|1|3,11|5,11|16,30,46,81
878|1|3,11|5,13|16,30,46,81
879|1|3,11|5,14|16,30,46,81
880|1|3,11|5,16|16,46,81
881|1|3,11|5,17|4,16,46,68,81
882|1|3,11|6|6,16,46
883|1|3,11|6,7|6,16,46
884|1|3,11|6,8|6,16,46,50
885|1|3,11|6,9|6,16,46
886|1|3,11|6,11|6,16,30,46
887|1|3,11|6,13|6,16,30,46
888|1|3,11|6,14|6,16,30,46
889|1|3,11|6,16|6,16,46
890|1|3,11|6,17|6,16,46,68,81
891|1|3,11|7|16,46
892|1|3,11|7,8|16,46,50
893|1|3,11|7,10|16,40,83
894|1|3,11|7,11|16,30,46
895|1|3,11|7,12|16,30,46
896|1|3,11|7,13|16,30,46
897|1|3,11|7,14|16,30,46
898|1|3,11|7,15|15,16
899|1|3,11|7,16|16,46
900|1|3,11|7,17|16,46,81
901|1|3,11|8|16,46,50
902|1|3,11|8,11|16,30,46,50
903|1|3,11|8,12|16,46,49,50
904|1|3,11|8,13|16,30,46,50
905|1|3,11|8,14|16,30,46,50
906|1|3,11|8,15|15,16,50
907|1|3,11|8,16|16,46,50
908|1|3,11|8,17|16,46,50,68,81
909|1|3,11|9|16,46
910|1|3,11|9,10|16,40,83
911|1|3,11|9,12|16,46
912|1|3,11|9,13|16,30,46
913|1|3,11|9,14|16,30,46
914|1|3,11|9,15|15,16,76
915|1|3,11|9,16|16,46
916|1|3,11|9,17|16,46,68,81
917|1|3,11|10|16,40,83
918|1|3,11|10,12|16,40
919|1|3,11|10,13|40,73
920|1|3,11|10,14|40,73
921|1|3,11|10,15|15,40,83
922|1|3,11|10,16|16,40,83
923|1|3,11|10,17|16,40,81,83
924|1|3,11|11|16,30,46
925|1|3,11|11,12|16,30,46,49
926|1|3,11|11,13|16,30,46
927|1|3,11|11,14|16,30,46
928|1|3,11|11,15|15,16,30,76
929|1|3,11|11,16|16,30,46
930|1|3,11|11,17|16,30,46,81
931|1|3,11|12|30,49
932|1|3,11|12,15|15,76
933|1|3,11|12,16|30,49
934|1|3,11|12,17|30,49,68,81
935|1|3,11|13|16,30,46
936|1|3,11|13,14|16,30,46
937|1|3,11|13,15|15,16,76
938|1|3,11|13,16|16,30,46
939|1|3,11|13,17|16,30,46,68,81
940|1|3,11|14|16,30,46
941|1|3,11|14,15|15,16,76
942|1|3,11|14,16|16,30,46
943|1|3,11|14,17|16,30,46,68,81
944|1|3,11|15|15,76
945|1|3,11|15,16|15,76
946|1|3,11|15,17|15,76,81
947|1|3,11|16|16,46
948|1|3,11|16,17|16,46,81
949|1|3,11|17|16,46,68,81
950|1|2,5,8||50,76,79
951|1|2,5,8|1|1,50,76,79
952|1|2,5,8|1,3|1,50,72,76
953|1|2,5,8|1,4|1,30,50,76,79
954|1|2,5,8|1,5|1,50,76,79,81
955|1|2,5,8|1,6|1,6,50,76
956|1|2,5,8|1,7|1,3,50,76,79
957|1|2,5,8|1,8|1,9,50,76,79
958|1|2,5,8|1,9|1,9,50,76,79
959|1|2,5,8|1,10|1,40,41,79
960|1|2,5,8|1,11|1,30,50,76,79
961|1|2,5,8|1,12|1,50,76,79
962|1|2,5,8|1,13|1,50,76,79
963|1|2,5,8|1,14|1,50,76,79
964|1|2,5,8|1,15|1,15,50,76,79
965|1|2,5,8|1,16|1,50,76,79
966|1|2,5,8|1,17|1,50,76,79,81
967|1|2,5,8|2|50,76,79
968|1|2,5,8|2,3|38,50,72,76,79
969|1|2,5,8|2,4|30,50,76,79
970|1|2,5,8|2,5|50,76,79,81
971|1|2,5,8|2,6|6,50,76,79
972|1|2,5,8|2,7|9,50,76,79
973|1|2,5,8|2,8|9,50,76,79
974|1|2,5,8|2,9|9,50,76,79
975|1|2,5,8|2,10|40,44,76,79
976|1|2,5,8|2,11|30,50,76,79
977|1|2,5,8|2,12|12,50,76,79
978|1|2,5,8|2,13|30,50,76,79
979|1|2,5,8|2,14|30,50,76,79
980|1|2,5,8|2,15|15,50,76,79
981|1|2,5,8|2,16|50,76,79
982|1|2,5,8|2,17|50,76,79,81
983|1|2,5,8|3|50,72,76,79
984|1|2,5,8|3,5|50,72,76,79,81
985|1|2,5,8|3,6|6,50,72,76,79
986|1|2,5,8|3,7|9,50,72,76,79
987|1|2,5,8|3,8|9,50,72,76,79
988|1|2,5,8|3,9|9,50,72,76,79
989|1|2,5,8|3,10|40,45,72,76,79
990|1|2,5,8|3,12|9,50,72,76,79
991|1|2,5,8|3,13|50,73,76,79
992|1|2,5,8|3,14|30,50,72,76,79
993|1|2,5,8|3,15|15,50,72,76,79
994|1|2,5,8|3,16|50,72,76,79
995|1|2,5,8|3,17|50,72,76,79,81
996|1|2,5,8|4|30,50,76,79
997|1|2,5,8|4,5|30,50,76,79,81
998|1|2,5,8|4,9|30,50,76,79
999|1|2,5,8|4,10|40,41,50,76,79
1000|1|2,5,8|4,12|30,50,76,79
1001|1|2,5,8|4,14|30,50,76,79
1002|1|2,5,8|4,15|15,50,76,79
1003|1|2,5,8|4,17|30,50,76,79,81
1004|1|2,5,8|5|14,50,76,81
1005|1|2,5,8|5,6|6,14,50,76,81
1006|1|2,5,8|5,7|14,46,50,81
1007|1|2,5,8|5,8|14,50,76,81
1008|1|2,5,8|5,9|14,50,76,81
1009|1|2,5,8|5,11|14,50,76,81
1010|1|2,5,8|5,13|14,50,76,81
1011|1|2,5,8|5,14|14,50,76,81
1012|1|2,5,8|5,16|14,50,76,81
1013|1|2,5,8|5,17|14,50,76,81
1014|1|2,5,8|6|6,50,76,79
1015|1|2,5,8|6,7|6,9,50,76,79
1016|1|2,5,8|6,8|6,9,50,76,79
1017|1|2,5,8|6,9|6,9,50,76,79
1018|1|2,5,8|6,11|6,30,50,76,79
1019|1|2,5,8|6,13|6,30,50,76,79
1020|1|2,5,8|6,14|6,30,50,76,79
1021|1|2,5,8|6,16|6,50,76,79
1022|1|2,5,8|6,17|6,50,76,79,81
1023|1|2,5,8|7|9,50,76,79
1024|1|2,5,8|7,8|9,50,76,79
1025|1|2,5,8|7,10|40,44,50,79
1026|1|2,5,8|7,11|30,50,76,79
1027|1|2,5,8|7,12|9,50,76,79
1028|1|2,5,8|7,13|9,30,50,76,79
1029|1|2,5,8|7,14|9,30,50,76,79
1030|1|2,5,8|7,15|15,50,76,79
1031|1|2,5,8|7,16|9,50,76,79
1032|1|2,5,8|7,17|9,50,76,79,81
1033|1|2,5,8|8|9,50,76,79
1034|1|2,5,8|8,11|30,50,76,79
1035|1|2,5,8|8,12|9,50,76,79
1036|1|2,5,8|8,13|30,50,76,79
1037|1|2,5,8|8,14|9,50,76,79
1038|1|2,5,8|8,15|15,50,76,79
1039|1|2,5,8|8,16|9,50,76,79
1040|1|2,5,8|8,17|50,76,79,81
1041|1|2,5,8|9|9,50,76,79
1042|1|2,5,8|9,10|40,67,76,79
1043|1|2,5,8|9,12|9,50,76,79
1044|1|2,5,8|9,13|9,50,76,79
1045|1|2,5,8|9,14|9,50,76,79
1046|1|2,5,8|9,15|15,50,76,79
1047|1|2,5,8|9,16|9,50,76,79
1048|1|2,5,8|9,17|9,50,76,79,81
1049|1|2,5,8|10|40,45,79
1050|1|2,5,8|10,12|40,45,79
1051|1|2,5,8|10,13|40,45,73,79
1052|1|2,5,8|10,14|40,45,73,79
1053|1|2,5,8|10,15|15,40,45,79
1054|1|2,5,8|10,16|40,45,79
1055|1|2,5,8|10,17|34,79,81,83
1056|1|2,5,8|11|50,68,76,79
1057|1|2,5,8|11,12|49,50,68,76,79
1058|1|2,5,8|11,13|50,68,76,79
1059|1|2,5,8|11,14|50,68,76,79
1060|1|2,5,8|11,15|15,76,79
1061|1|2,5,8|11,16|50,68,76,79
1062|1|2,5,8|11,17|50,68,76,79,81
1063|1|2,5,8|12|50,76,79
1064|1|2,5,8|12,15|15,76,79
1065|1|2,5,8|12,16|50,76,79
1066|1|2,5,8|12,17|50,76,79,81
1067|1|2,5,8|13|30,50,76,79
1068|1|2,5,8|13,14|30,50,76,79
1069|1|2,5,8|13,15|15,76,79
1070|1|2,5,8|13,16|30,50,76,79
1071|1|2,5,8|13,17|30,50,76,79,81
1072|1|2,5,8|14|30,50,76,79
1073|1|2,5,8|14,15|15,76,79
1074|1|2,5,8|14,16|30,50,76,79,81
1075|1|2,5,8|15|15,76,79
1076|1|2,5,8|15,16|15,76,79
1077|1|2,5,8|15,17|15,76,79,81
1078|1|2,5,8|16|15,76,79
1079|1|2,5,8|16,17|15,76,79,81
1080|1|2,5,8|17|15,76,79,81
1081|1|2,5,9||50,74,76
1082|1|2,5,9|1|1,50,74,76
1083|1|2,5,9|1,3|1,50,74,76,84
1084|1|2,5,9|1,4|1,14,50,74,76
1085|1|2,5,9|1,5|1,50,74,76,81
1086|1|2,5,9|1,6|1,6,50,74,76
1087|1|2,5,9|1,7|1,50,71,74,76
1088|1|2,5,9|1,8|1,50,74,76,77
1089|1|2,5,9|1,9|1,50,74,76
1090|1|2,5,9|1,10|1,40,45,85
1091|1|2,5,9|1,11|1,30,50,74,76
1092|1|2,5,9|1,12|1,50,74,76
1093|1|2,5,9|1,13|1,13,50,74,76
1094|1|2,5,9|1,14|1,30,50,74,76
1095|1|2,5,9|1,15|1,15,50,74,76
1096|1|2,5,9|1,16|1,50,74,76
1097|1|2,5,9|1,17|1,50,76,81
1098|1|2,5,9|2|50,74,76
1099|1|2,5,9|2,3|50,74,76,84
1100|1|2,5,9|2,4|14,50,74,76
1101|1|2,5,9|2,5|14,50,74,76,81
1102|1|2,5,9|2,6|6,50,74,76
1103|1|2,5,9|2,7|46,50,74,76
1104|1|2,5,9|2,8|50,74,76
1105|1|2,5,9|2,9|50,74,76
1106|1|2,5,9|2,10|40,44
1107|1|2,5,9|2,11|43,50,74,76
1108|1|2,5,9|2,12|50,74,76
1109|1|2,5,9|2,13|43,50,74,76
1110|1|2,5,9|2,14|30,50,74,76
1111|1|2,5,9|2,15|15,50,74,76
1112|1|2,5,9|2,16|50,74,76
1113|1|2,5,9|2,17|50,74,76,81
1114|1|2,5,9|3|50,76,84
1115|1|2,5,9|3,5|50,76,81
1116|1|2,5,9|3,6|6,50,76
1117|1|2,5,9|3,7|39,50,76,84
1118|1|2,5,9|3,8|39,50,76,84
1119|1|2,5,9|3,9|50,76,84
1120|1|2,5,9|3,10|34,40,41,84
1121|1|2,5,9|3,12|50,76,84
1122|1|2,5,9|3,13|43,50,76,84
1123|1|2,5,9|3,14|30,50,76,84
1124|1|2,5,9|3,15|15,50,76,84
1125|1|2,5,9|3,16|50,76,84
1126|1|2,5,9|3,17|50,76,81
1127|1|2,5,9|4|14,50,74,76
1128|1|2,5,9|4,5|14,50,76,81
1129|1|2,5,9|4,9|14,50,74,76
1130|1|2,5,9|4,10|14,34,40,44,74
1131|1|2,5,9|4,12|14,50,74,76
1132|1|2,5,9|4,14|14,30,50,74,76
1133|1|2,5,9|4,15|15,30,50,74,76
1134|1|2,5,9|4,17|14,50,74,76,81
1135|1|2,5,9|5|14,50,74,76,81
1136|1|2,5,9|5,6|6,14,50,74,76,81
1137|1|2,5,9|5,7|14,46,50,74,76,81
1138|1|2,5,9|5,8|14,50,74,76,81
1139|1|2,5,9|5,9|14,50,74,76,81
1140|1|2,5,9|5,11|14,30,50,74,76,81
1141|1|2,5,9|5,13|14,43,50,74,76,81
1142|1|2,5,9|5,14|14,30,50,74,76,81
1143|1|2,5,9|5,16|14,50,74,76,81
1144|1|2,5,9|5,17|14,50,68,74,76,81
1145|1|2,5,9|6|6,50,74,76
1146|1|2,5,9|6,7|6,9,50,74,76
1147|1|2,5,9|6,8|6,50,74,76
1148|1|2,5,9|6,9|6,50,74,76
1149|1|2,5,9|6,11|6,30,50,74,76
1150|1|2,5,9|6,13|6,30,50,74,76
1151|1|2,5,9|6,14|6,30,50,74,76
1152|1|2,5,9|6,16|6,50,74,76
1153|1|2,5,9|6,17|6,50,74,76,81
1154|1|2,5,9|7|9,50,74,76
1155|1|2,5,9|7,8|50,74,76
1156|1|2,5,9|7,10|9,34,40,44,74,84
1157|1|2,5,9|7,11|30,50,74,76
1158|1|2,5,9|7,12|9,50,74,76
1159|1|2,5,9|7,13|30,50,74,76
1160|1|2,5,9|7,14|30,50,74,76
1161|1|2,5,9|7,15|15,50,74,76
1162|1|2,5,9|7,16|50,74,76
1163|1|2,5,9|7,17|50,74,76,81
1164|1|2,5,9|8|9,50,74,76
1165|1|2,5,9|8,11|30,50,74,76
1166|1|2,5,9|8,12|9,50,74,76
1167|1|2,5,9|8,13|30,50,74,76
1168|1|2,5,9|8,14|30,50,74,76
1169|1|2,5,9|8,15|15,50,74,76
1170|1|2,5,9|8,16|9,50,74,76
1171|1|2,5,9|8,17|50,74,76,81
1172|1|2,5,9|9|9,50,74,76
1173|1|2,5,9|9,10|40,41,74,84
1174|1|2,5,9|9,12|9,50,74,76
1175|1|2,5,9|9,13|9,50,74,76
1176|1|2,5,9|9,14|9,50,74,76
1177|1|2,5,9|9,15|9,50,74,76
1178|1|2,5,9|9,16|9,50,74,76
1179|1|2,5,9|9,17|50,74,76,81
1180|1|2,5,9|10|34,40,84,85
1181|1|2,5,9|10,12|34,40,84,85
1182|1|2,5,9|10,13|34,40,84,85
1183|1|2,5,9|10,14|34,40,84,85
1184|1|2,5,9|10,15|15,35,40,45,84
1185|1|2,5,9|10,16|34,40,84,85
1186|1|2,5,9|10,17|16,40,81
1187|1|2,5,9|11|30,50,74,76
1188|1|2,5,9|11,12|50,51,74,76
1189|1|2,5,9|11,13|30,50,74,76
1190|1|2,5,9|11,14|30,50,74,76
1191|1|2,5,9|11,15|15,50,74,76
1192|1|2,5,9|11,16|30,50,74,76
1193|1|2,5,9|11,17|30,50,74,76,81
1194|1|2,5,9|12|50,74,76
1195|1|2,5,9|12,15|50,74,76
1196|1|2,5,9|12,16|50,74,76
1197|1|2,5,9|12,17|50,76,81
1198|1|2,5,9|13|30,50,74,76
1199|1|2,5,9|13,14|30,50,74,76
1200|1|2,5,9|13,15|15,50,74,76
1201|1|2,5,9|13,16|30,50,74,76
1202|1|2,5,9|13,17|30,50,74,76,81
1203|1|2,5,9|14|30,50,74,76
1204|1|2,5,9|14,15|30,50,74,76
1205|1|2,5,9|14,16|30,50,74,76
1206|1|2,5,9|14,17|4,50,74,76,81
1207|1|2,5,9|15|15,76,79,80
1208|1|2,5,9|15,16|15,76,79,80
1209|1|2,5,9|16|50,74,76
1210|1|2,5,9|16,17|50,74,76,81
1211|1|2,5,9|17|50,74,76,81
1212|1|1,2,9||17,50,76
1213|1|1,2,9|1|1,17,50,76
1214|1|1,2,9|1,3|1,17,50,76,84
1215|1|1,2,9|1,4|1,17,30,50,76
1216|1|1,2,9|1,5|1,50,76,81
1217|1|1,2,9|1,6|1,6,17,50,76
1218|1|1,2,9|1,7|1,9,17,50,76
1219|1|1,2,9|1,8|1,9,17,50,76
1220|1|1,2,9|1,9|1,9,17,50,76
1221|1|1,2,9|1,10|1,17,34,40,41,84
1222|1|1,2,9|1,11|1,17,30,50,76
1223|1|1,2,9|1,12|1,9,17,50,76
1224|1|1,2,9|1,13|1,17,30,50,76
1225|1|1,2,9|1,14|1,17,30,50,76
1226|1|1,2,9|1,15|1,15,17,50,76
1227|1|1,2,9|1,16|1,17,50,76
1228|1|1,2,9|1,17|1,17,50,76,81
1229|1|1,2,9|2|17,50,76
1230|1|1,2,9|2,3|17,50,76,84
1231|1|1,2,9|2,4|17,30,50,76
1232|1|1,2,9|2,5|50,76,81
1233|1|1,2,9|2,6|6,17,50,76
1234|1|1,2,9|2,7|9,17,50,76
1235|1|1,2,9|2,8|9,17,50,76
1236|1|1,2,9|2,9|9,17,50,76
1237|1|1,2,9|2,10|17,40,44,84
1238|1|1,2,9|2,11|17,30,50,76
1239|1|1,2,9|2,12|9,17,50,76
1240|1|1,2,9|2,13|17,30,50,76
1241|1|1,2,9|2,14|17,30,50,76
1242|1|1,2,9|2,15|15,17,50,76
1243|1|1,2,9|2,16|9,17,50,76
1244|1|1,2,9|2,17|17,50,76,81
1245|1|1,2,9|3|17,50,76,84
1246|1|1,2,9|3,5|17,50,76,84
1247|1|1,2,9|3,6|17,50,76,84
1248|1|1,2,9|3,7|9,17,50,76,84
1249|1|1,2,9|3,8|9,17,50,76,84
1250|1|1,2,9|3,9|9,17,50,76,84
1251|1|1,2,9|3,10|17,34,40,84,85
1252|1|1,2,9|3,12|9,17,50,76,84
1253|1|1,2,9|3,13|17,50,76,84
1254|1|1,2,9|3,14|17,50,76,84
1255|1|1,2,9|3,15|17,50,76,84
1256|1|1,2,9|3,16|9,17,50,76,84
1257|1|1,2,9|3,17|17,50,76,81,84
1258|1|1,2,9|4|14,17,50,76
1259|1|1,2,9|4,5|14,17,50,76
1260|1|1,2,9|4,9|14,17,50,76
1261|1|1,2,9|4,10|17,34,40,44
1262|1|1,2,9|4,12|9,17,50,76
1263|1|1,2,9|4,14|14,17,50,76
1264|1|1,2,9|4,15|15,17,50,76
1265|1|1,2,9|4,17|14,17,50,76,81
1266|1|1,2,9|5|50,76,81
1267|1|1,2,9|5,6|6,50,76,81
1268|1|1,2,9|5,7|9,50,76,81
1269|1|1,2,9|5,8|9,50,76,81
1270|1|1,2,9|5,9|9,50,76,81
1271|1|1,2,9|5,11|30,50,76,81
1272|1|1,2,9|5,13|30,50,76,81
1273|1|1,2,9|5,14|30,50,76,81
1274|1|1,2,9|5,16|50,76,81
1275|1|1,2,9|5,17|4,50,68,76,81
1276|1|1,2,9|6|6,17,50,76
1277|1|1,2,9|6,7|6,9,17,50,76
1278|1|1,2,9|6,8|6,9,17,50,76
1279|1|1,2,9|6,9|6,9,17,50,76
1280|1|1,2,9|6,11|6,17,30,50,76
1281|1|1,2,9|6,13|6,17,30,50,76
1282|1|1,2,9|6,14|6,17,30,50,76
1283|1|1,2,9|6,16|6,9,17,50,76
1284|1|1,2,9|6,17|6,17,50,76,81
1285|1|1,2,9|7|17,43,50,76
1286|1|1,2,9|7,8|17,43,45,50,76
1287|1|1,2,9|7,10|17,43,50,76
1288|1|1,2,9|7,11|17,43,50,76
1289|1|1,2,9|7,12|17,43,50,76
1290|1|1,2,9|7,13|17,43,50,76
1291|1|1,2,9|7,14|17,43,50,76
1292|1|1,2,9|7,15|15,17,50,76
1293|1|1,2,9|7,16|17,43,50,76
1294|1|1,2,9|7,17|17,46,50,76,81
1295|1|1,2,9|8|17,43,50,76
1296|1|1,2,9|8,11|17,50,76
1297|1|1,2,9|8,12|17,43,50,76
1298|1|1,2,9|8,13|17,43,50,76
1299|1|1,2,9|8,14|17,43,50,76
1300|1|1,2,9|8,15|15,17,50,76
1301|1|1,2,9|8,16|17,43,50,76
1302|1|1,2,9|8,17|50,68,76,81
1303|1|1,2,9|9|17,50,76,83
1304|1|1,2,9|9,10|17,34,40,42,83
1305|1|1,2,9|9,12|17,50,76,83
1306|1|1,2,9|9,13|17,50,76,83
1307|1|1,2,9|9,14|17,50,76,83
1308|1|1,2,9|9,15|15,17,50,76,83
1309|1|1,2,9|9,16|17,50,76,83
1310|1|1,2,9|9,17|17,50,76,81
1311|1|1,2,9|10|34,40,45,84
1312|1|1,2,9|10,12|34,40,45,84
1313|1|1,2,9|10,13|34,40,45,84
1314|1|1,2,9|10,14|34,40,45,84
1315|1|1,2,9|10,15|34,40,45,84
1316|1|1,2,9|10,16|34,40,45,84
1317|1|1,2,9|10,17|34,40,81,84
1318|1|1,2,9|11|17,30,50,76
1319|1|1,2,9|11,12|17,30,50,76
1320|1|1,2,9|11,13|17,30,50,76
1321|1|1,2,9|11,14|17,30,50,76
1322|1|1,2,9|11,15|15,17,50,76
1323|1|1,2,9|11,16|17,30,50,76
1324|1|1,2,9|11,17|14,17,50,76,81
1325|1|1,2,9|12|17,50,76
1326|1|1,2,9|12,15|17,50,76
1327|1|1,2,9|12,16|17,50,76
1328|1|1,2,9|12,17|17,50,76,81
1329|1|1,2,9|13|17,30,50,76
1330|1|1,2,9|13,14|17,30,50,76
1331|1|1,2,9|13,15|15,17,30,50,76
1332|1|1,2,9|13,16|17,30,50,76
1333|1|1,2,9|13,17|17,30,50,76,81
1334|1|1,2,9|14|17,30,50,76
1335|1|1,2,9|14,15|15,17,30,50,76
1336|1|1,2,9|14,16|17,30,50,76
1337|1|1,2,9|14,17|17,30,50,76,81
1338|1|1,2,9|15|15,17,50,76
1339|1|1,2,9|15,16|15,17,50,76
1340|1|1,2,9|15,17|15,17,50,76,81
1341|1|1,2,9|16|17,50,76
1342|1|1,2,9|16,17|17,50,76,81
1343|1|1,2,9|17|17,50,76,81
1344|1|1,2,8||18,50,76,79
1345|1|1,2,8|1|17,50,76,79,80
1346|1|1,2,8|1,3|17,50,72,76,79
1347|1|1,2,8|1,4|14,17,50,76,79
1348|1|1,2,8|1,5|50,76,79,80,81
1349|1|1,2,8|1,6|6,17,50,76,79
1350|1|1,2,8|1,7|9,17,50,76,79,80
1351|1|1,2,8|1,8|9,17,50,76,79,80
1352|1|1,2,8|1,9|9,17,50,76,79,80
1353|1|1,2,8|1,10|38,50,73,76,79,80
1354|1|1,2,8|1,11|17,30,50,76,79,80
1355|1|1,2,8|1,12|9,17,50,76,79,80
1356|1|1,2,8|1,13|17,30,50,76,79,80
1357|1|1,2,8|1,14|17,30,50,76,79,80
1358|1|1,2,8|1,15|15,50,76,79,80
1359|1|1,2,8|1,16|9,17,50,76,79,80
1360|1|1,2,8|1,17|17,50,76,79,80,81
1361|1|1,2,8|2|17,50,76,79
1362|1|1,2,8|2,3|17,50,72,76,79
1363|1|1,2,8|2,4|14,17,50,76,79
1364|1|1,2,8|2,5|50,76,79,81
1365|1|1,2,8|2,6|6,17,50,76,79
1366|1|1,2,8|2,7|9,17,50,76,79
1367|1|1,2,8|2,8|9,17,50,76,79
1368|1|1,2,8|2,9|9,17,50,76,79
1369|1|1,2,8|2,10|38,50,73,76,79
1370|1|1,2,8|2,11|17,30,50,76,79
1371|1|1,2,8|2,12|50,76,79
1372|1|1,2,8|2,13|17,30,50,76,79
1373|1|1,2,8|2,14|17,30,50,76,79
1374|1|1,2,8|2,15|15,38,50,76,79
1375|1|1,2,8|2,16|17,50,76,79
1376|1|1,2,8|2,17|17,50,76,79,81
1377|1|1,2,8|3|17,38,50,72,76,79
1378|1|1,2,8|3,5|38,50,72,76,79,81
1379|1|1,2,8|3,6|6,9,17,50,72,76,79
1380|1|1,2,8|3,7|9,17,50,72,76,79
1381|1|1,2,8|3,8|9,17,50,72,76,79
1382|1|1,2,8|3,9|9,17,50,72,76,79
1383|1|1,2,8|3,10|38,40,50,72,76,79
1384|1|1,2,8|3,12|38,50,72,76,79
1385|1|1,2,8|3,13|17,38,50,72,76,79
1386|1|1,2,8|3,14|17,38,50,72,76,79
1387|1|1,2,8|3,15|15,38,50,72,76,79
1388|1|1,2,8|3,16|17,38,50,72,76,79
1389|1|1,2,8|3,17|17,38,50,72,76,79,81
1390|1|1,2,8|4|14,17,50,76,79
1391|1|1,2,8|4,5|14,50,76,79,81
1392|1|1,2,8|4,9|14,17,50,76,79
1393|1|1,2,8|4,10|40,50,76,79,83
1394|1|1,2,8|4,12|14,50,76,79
1395|1|1,2,8|4,14|14,17,30,50,76,79
1396|1|1,2,8|4,15|14,15,50,76,79
1397|1|1,2,8|4,17|14,17,50,76,79,81
1398|1|1,2,8|5|50,76,79,81
1399|1|1,2,8|5,6|6,50,76,79,81
1400|1|1,2,8|5,7|9,50,76,79,81
1401|1|1,2,8|5,8|9,50,76,79,81
1402|1|1,2,8|5,9|9,50,76,79,81
1403|1|1,2,8|5,11|30,50,76,79,81
1404|1|1,2,8|5,13|30,50,76,79,81
1405|1|1,2,8|5,14|30,50,76,79,81
1406|1|1,2,8|5,16|50,76,79,81
1407|1|1,2,8|5,17|4,50,76,79,81
1408|1|1,2,8|6|6,17,50,76,79
1409|1|1,2,8|6,7|6,9,17,50,76,79
1410|1|1,2,8|6,8|6,9,17,50,76,79
1411|1|1,2,8|6,9|6,9,17,50,76,79
1412|1|1,2,8|6,11|6,17,30,50,76,79
1413|1|1,2,8|6,13|6,17,30,50,76,79
1414|1|1,2,8|6,14|6,17,30,50,76,79
1415|1|1,2,8|6,16|6,17,50,76,79
1416|1|1,2,8|6,17|5,6,50,76,79,81
1417|1|1,2,8|7|9,17,50,76,79
1418|1|1,2,8|7,8|9,17,50,76,79
1419|1|1,2,8|7,10|9,38,40,50,76,79,83
1420|1|1,2,8|7,11|17,30,50,76,79
1421|1|1,2,8|7,12|9,50,76,79
1422|1|1,2,8|7,13|9,17,50,76,79
1423|1|1,2,8|7,14|9,17,50,76,79
1424|1|1,2,8|7,15|9,15,50,76,79
1425|1|1,2,8|7,16|9,17,50,76,79
1426|1|1,2,8|7,17|5,50,76,79,81
1427|1|1,2,8|8|9,17,50,76,79
1428|1|1,2,8|8,11|17,30,50,76,79
1429|1|1,2,8|8,12|9,50,76,79
1430|1|1,2,8|8,13|9,17,50,76,79
1431|1|1,2,8|8,14|9,17,50,76,79
1432|1|1,2,8|8,15|15,50,76,79
1433|1|1,2,8|8,16|9,17,50,76,79
1434|1|1,2,8|8,17|5,50,76,79,81
1435|1|1,2,8|9|17,50,76,79
1436|1|1,2,8|9,10|38,40,79,83
1437|1|1,2,8|9,12|50,76,79
1438|1|1,2,8|9,13|17,50,76,79
1439|1|1,2,8|9,14|17,50,76,79
1440|1|1,2,8|9,15|15,50,76,79
1441|1|1,2,8|9,16|17,50,76,79
1442|1|1,2,8|9,17|5,50,76,79,81
1443|1|1,2,8|10|38,40,79,83
1444|1|1,2,8|10,12|38,40,79,83
1445|1|1,2,8|10,13|17,38,40,79,83
1446|1|1,2,8|10,14|17,38,40,79,83
1447|1|1,2,8|10,15|38,40,79,83
1448|1|1,2,8|10,16|17,38,40,79,83
1449|1|1,2,8|10,17|5,38,40,79,81,83
1450|1|1,2,8|11|17,30,50,76,79
1451|1|1,2,8|11,12|30,50,76,79
1452|1|1,2,8|11,13|17,30,50,76,79
1453|1|1,2,8|11,14|17,30,50,76,79
1454|1|1,2,8|11,15|15,30,50,76,79
1455|1|1,2,8|11,16|17,30,50,76,79
1456|1|1,2,8|11,17|5,30,50,76,79,81
1457|1|1,2,8|12|17,50,76,79
1458|1|1,2,8|12,15|15,50,76,79
1459|1|1,2,8|12,16|17,50,76,79
1460|1|1,2,8|12,17|5,50,76,79,81
1461|1|1,2,8|13|30,50,76,79
1462|1|1,2,8|13,14|15,30,50,76,79
1463|1|1,2,8|13,15|30,50,76,79
1464|1|1,2,8|13,16|30,50,76,79
1465|1|1,2,8|13,17|30,50,76,79,81
1466|1|1,2,8|14|17,30,50,76,79
1467|1|1,2,8|14,15|15,30,50,76,79
1468|1|1,2,8|14,16|30,50,76,79
1469|1|1,2,8|14,17|30,50,76,79,81
1470|1|1,2,8|15|38,50,76,79
1471|1|1,2,8|15,16|38,50,76,79
1472|1|1,2,8|15,17|17,38,50,76,79,81
1473|1|1,2,8|16|17,50,76,79
1474|1|1,2,8|16,17|17,50,76,79,81
1475|1|1,2,11||17,50,76
1476|1|1,2,11|1|17,50,76,79
1477|1|1,2,11|1,3|17,50,72,76
1478|1|1,2,11|1,4|14,17,50,76,79
1479|1|1,2,11|1,5|50,76,79,81
1480|1|1,2,11|1,6|6,17,50,76
1481|1|1,2,11|1,7|17,46,50,76,79
1482|1|1,2,11|1,8|17,50,76,79
1483|1|1,2,11|1,9|17,50,76,79
1484|1|1,2,11|1,10|17,40,42,50,76,79
1485|1|1,2,11|1,11|17,30,50,76,79
1486|1|1,2,11|1,12|17,50,76,79
1487|1|1,2,11|1,13|17,30,50,76,79
1488|1|1,2,11|1,14|17,30,50,76
1489|1|1,2,11|1,15|15,17,50,76,79,80
1490|1|1,2,11|1,16|17,50,76,79
1491|1|1,2,11|1,17|17,50,76,79,81
1492|1|1,2,11|2|17,50
1493|1|1,2,11|2,3|16,17,72
1494|1|1,2,11|2,4|14,17,50
1495|1|1,2,11|2,5|50,76,81
1496|1|1,2,11|2,6|6,17,50,76
1497|1|1,2,11|2,7|17,46,50
1498|1|1,2,11|2,8|17,50,76
1499|1|1,2,11|2,9|17,50
1500|1|1,2,11|2,10|40,42
1501|1|1,2,11|2,11|17,30,50
1502|1|1,2,11|2,12|17,50
1503|1|1,2,11|2,13|17,30,50
1504|1|1,2,11|2,14|17,30,50
1505|1|1,2,11|2,15|15,17,50,76
1506|1|1,2,11|2,16|17,50
1507|1|1,2,11|2,17|17,50,76,81
1508|1|1,2,11|3|17,72,79
1509|1|1,2,11|3,5|72,79,81
1510|1|1,2,11|3,6|6,17,72,79
1511|1|1,2,11|3,7|9,17,72,79
1512|1|1,2,11|3,8|9,17,72,79
1513|1|1,2,11|3,9|9,17,72,79
1514|1|1,2,11|3,10|40,42,72,79
1515|1|1,2,11|3,12|17,72,79
1516|1|1,2,11|3,13|17,72,79
1517|1|1,2,11|3,14|17,72,79
1518|1|1,2,11|3,15|15,17,72,79
1519|1|1,2,11|3,16|17,72,79
1520|1|1,2,11|3,17|17,72,79,81
1521|1|1,2,11|4|14,17,50
1522|1|1,2,11|4,5|14,50,81
1523|1|1,2,11|4,9|14,17,50
1524|1|1,2,11|4,10|17,40,83
1525|1|1,2,11|4,12|14,17,50
1526|1|1,2,11|4,14|14,17,30,50
1527|1|1,2,11|4,15|15,17,50,79
1528|1|1,2,11|4,17|14,17,50,81
1529|1|1,2,11|5|50,81
1530|1|1,2,11|5,6|6,50,81
1531|1|1,2,11|5,7|46,50,81
1532|1|1,2,11|5,8|50,76,81
1533|1|1,2,11|5,9|50,81
1534|1|1,2,11|5,11|14,50,81
1535|1|1,2,11|5,13|13,50,81
1536|1|1,2,11|5,14|30,50,81
1537|1|1,2,11|5,16|50,81
1538|1|1,2,11|5,17|4,50,81
1539|1|1,2,11|6|6,17,50
1540|1|1,2,11|6,7|6,17,46,50
1541|1|1,2,11|6,8|6,17,50,76
1542|1|1,2,11|6,9|6,17,50
1543|1|1,2,11|6,11|6,17,30,50
1544|1|1,2,11|6,13|6,13,17,50
1545|1|1,2,11|6,14|6,17,30,50
1546|1|1,2,11|6,16|6,17,50
1547|1|1,2,11|6,17|6,17,50,81
1548|1|1,2,11|7|17,46,50
1549|1|1,2,11|7,8|17,46,50
1550|1|1,2,11|7,10|40,50,72
1551|1|1,2,11|7,11|17,46,50
1552|1|1,2,11|7,12|17,49,50
1553|1|1,2,11|7,13|17,30,46,50
1554|1|1,2,11|7,14|17,30,46,50
1555|1|1,2,11|7,15|15,17,50
1556|1|1,2,11|7,16|17,46,50
1557|1|1,2,11|7,17|17,46,50,81
1558|1|1,2,11|8|17,50,76
1559|1|1,2,11|8,11|17,30,50,76
1560|1|1,2,11|8,12|17,50,76
1561|1|1,2,11|8,13|17,30,50,76
1562|1|1,2,11|8,14|17,30,50,76
1563|1|1,2,11|8,15|15,17,50,76
1564|1|1,2,11|8,16|17,50,76
1565|1|1,2,11|8,17|17,50,76,81
1566|1|1,2,11|9|17,50
1567|1|1,2,11|9,10|17,50
1568|1|1,2,11|9,12|17,50
1569|1|1,2,11|9,13|17,50
1570|1|1,2,11|9,14|17,50
1571|1|1,2,11|9,15|15,17,50,79
1572|1|1,2,11|9,16|17,50
1573|1|1,2,11|9,17|17,50,81
1574|1|1,2,11|10|40,76,83
1575|1|1,2,11|10,12|40,76,83
1576|1|1,2,11|10,13|40,73,76,83
1577|1|1,2,11|10,14|40,73,76,83
1578|1|1,2,11|10,15|15,40,76,83
1579|1|1,2,11|10,16|40,76,83
1580|1|1,2,11|10,17|40,76,81,83
1581|1|1,2,11|11|17,30,50
1582|1|1,2,11|11,12|17,49,50
1583|1|1,2,11|11,13|17,30,50
1584|1|1,2,11|11,14|14,17,30,50
1585|1|1,2,11|11,15|15,17,50
1586|1|1,2,11|11,16|17,30,50
1587|1|1,2,11|11,17|17,30,50,81
1588|1|1,2,11|12|17,49,50
1589|1|1,2,11|12,15|15,17,50
1590|1|1,2,11|12,16|17,49,50
1591|1|1,2,11|12,17|17,49,50,81
1592|1|1,2,11|13|17,30,50
1593|1|1,2,11|13,14|17,49,50
1594|1|1,2,11|13,15|15,17,50
1595|1|1,2,11|13,16|17,30,50
1596|1|1,2,11|13,17|17,30,50,81
1597|1|1,2,11|14|17,30,50
1598|1|1,2,11|14,15|15,17,50
1599|1|1,2,11|14,16|17,30,50
1600|1|1,2,11|14,17|17,30,50,81
1601|1|1,2,11|15|15,17,50
1602|1|1,2,11|15,16|17,50
1603|1|1,2,11|15,17|17,50,81
1604|1|1,2,11|16|17,50
1605|1|1,2,11|16,17|17,50,81
1606|1|1,2,11|17|17,50,81
1607|1|2,9,10||17,84
1608|1|2,9,10|1|17,79,84
1609|1|2,9,10|1,3|17,42,84
1610|1|2,9,10|1,4|17,84
1611|1|2,9,10|1,5|17,79,81,84
1612|1|2,9,10|1,6|6,17,84
1613|1|2,9,10|1,7|17,43,79,84
1614|1|2,9,10|1,8|17,43,79,84
1615|1|2,9,10|1,9|17,79,84
1616|1|2,9,10|1,10|17,40,45,84
1617|1|2,9,10|1,11|17,84
1618|1|2,9,10|1,12|17,79,84
1619|1|2,9,10|1,13|17,43,79,84
1620|1|2,9,10|1,14|17,79,84
1621|1|2,9,10|1,15|15,17,40,79,84
1622|1|2,9,10|1,16|17,79,84
1623|1|2,9,10|1,17|17,79,81,84
1624|1|2,9,10|2|17,84
1625|1|2,9,10|2,3|17,34,42,84
1626|1|2,9,10|2,4|17,30,84
1627|1|2,9,10|2,5|4,81,84
1628|1|2,9,10|2,6|6,17,84
1629|1|2,9,10|2,7|17,43,84
1630|1|2,9,10|2,8|17,43,84
1631|1|2,9,10|2,9|17,84
1632|1|2,9,10|2,10|40,44,84
1633|1|2,9,10|2,11|17,30,84
1634|1|2,9,10|2,12|17,84
1635|1|2,9,10|2,13|17,84
1636|1|2,9,10|2,14|17,30,84
1637|1|2,9,10|2,15|15,17,41,84
1638|1|2,9,10|2,16|17,84
1639|1|2,9,10|2,17|17,81,84
1640|1|2,9,10|3|17,42,84
1641|1|2,9,10|3,5|42,81,84
1642|1|2,9,10|3,6|6,17,42
1643|1|2,9,10|3,7|17,42,83,84
1644|1|2,9,10|3,8|17,42,83,84
1645|1|2,9,10|3,9|17,42,84
1646|1|2,9,10|3,10|34,40,45,84
1647|1|2,9,10|3,12|17,42,84
1648|1|2,9,10|3,13|17,42,84
1649|1|2,9,10|3,14|17,42,84
1650|1|2,9,10|3,15|15,41,84
1651|1|2,9,10|3,16|17,42,84
1652|1|2,9,10|3,17|17,42,81,84
1653|1|2,9,10|4|17,84
1654|1|2,9,10|4,5|81,84
1655|1|2,9,10|4,9|17,84
1656|1|2,9,10|4,10|34,40,45,84
1657|1|2,9,10|4,12|17,84
1658|1|2,9,10|4,14|17,84
1659|1|2,9,10|4,15|15,17,84
1660|1|2,9,10|4,17|17,81,84
1661|1|2,9,10|5|81,84
1662|1|2,9,10|5,6|6,42,81
1663|1|2,9,10|5,7|9,81,84
1664|1|2,9,10|5,8|9,81,84
1665|1|2,9,10|5,9|9,81,84
1666|1|2,9,10|5,11|81,84
1667|1|2,9,10|5,13|81,84
1668|1|2,9,10|5,14|81,84
1669|1|2,9,10|5,16|81,84
1670|1|2,9,10|5,17|81,84
1671|1|2,9,10|6|6,17,42
1672|1|2,9,10|6,7|6,9,17,42
1673|1|2,9,10|6,8|6,9,17,42
1674|1|2,9,10|6,9|6,9,17,42
1675|1|2,9,10|6,11|6,17,42
1676|1|2,9,10|6,13|6,17,42
1677|1|2,9,10|6,14|6,17,42
1678|1|2,9,10|6,16|6,17,42
1679|1|2,9,10|6,17|6,17,42,81
1680|1|2,9,10|7|17,43,84
1681|1|2,9,10|7,8|17,43,84
1682|1|2,9,10|7,10|17,34,40,44,84
1683|1|2,9,10|7,11|17,43,84
1684|1|2,9,10|7,12|17,43,84
1685|1|2,9,10|7,13|17,43,84
1686|1|2,9,10|7,14|17,43,84
1687|1|2,9,10|7,15|15,17,84
1688|1|2,9,10|7,16|17,43,84
1689|1|2,9,10|7,17|17,81,84
1690|1|2,9,10|8|17,43,84
1691|1|2,9,10|8,11|17,43,84
1692|1|2,9,10|8,12|17,43,84
1693|1|2,9,10|8,13|17,43,84
1694|1|2,9,10|8,14|17,43,84
1695|1|2,9,10|8,15|15,17,84
1696|1|2,9,10|8,16|17,43,84
1697|1|2,9,10|8,17|17,43,81,84
1698|1|2,9,10|9|17,84
1699|1|2,9,10|9,10|34,40,41,84
1700|1|2,9,10|9,12|17,84
1701|1|2,9,10|9,13|17,84
1702|1|2,9,10|9,14|17,84
1703|1|2,9,10|9,15|15,17,84
1704|1|2,9,10|9,16|17,84
1705|1|2,9,10|9,17|17,81,84
1706|1|2,9,10|10|34,40,44
1707|1|2,9,10|10,12|34,40,44
1708|1|2,9,10|10,13|34,40,44
1709|1|2,9,10|10,14|34,40,44
1710|1|2,9,10|10,15|34,40,44
1711|1|2,9,10|10,16|34,40,44
1712|1|2,9,10|10,17|34,40,81,84
1713|1|2,9,10|11|17,84
1714|1|2,9,10|11,12|17,84
1715|1|2,9,10|11,13|17,84
1716|1|2,9,10|11,14|17,84
1717|1|2,9,10|11,15|15,17,84
1718|1|2,9,10|11,16|17,84
1719|1|2,9,10|11,17|17,81,84
1720|1|2,9,10|12|17,84
1721|1|2,9,10|12,15|17,84
1722|1|2,9,10|12,16|17,84
1723|1|2,9,10|12,17|17,81,84
1724|1|2,9,10|13|17,84
1725|1|2,9,10|13,14|17,84
1726|1|2,9,10|13,15|15,17,84
1727|1|2,9,10|13,16|17,84
1728|1|2,9,10|13,17|17,81,84
1729|1|2,9,10|14|17,84
1730|1|2,9,10|14,15|15,17,84
1731|1|2,9,10|14,16|17,81,84
1732|1|2,9,10|15|15,17,84
1733|1|2,9,10|15,16|17,84
1734|1|2,9,10|15,17|17,81,84
1735|1|2,9,10|16|17,84
1736|1|2,9,10|16,17|17,81,84
1737|1|2,9,10|17|17,81,84
