1
1,3
1,4
1,5
1,6
1,7
1,8
1,9
1,10
1,11
1,12
1,13
1,14
1,15
1,16
1,17
1,3,5
1,3,6
1,3,7
1,3,8
1,3,9
1,3,10
1,3,12
1,3,13
1,3,14
1,3,15
1,3,16
1,3,17
1,4,5
1,4,9
1,4,10
1,4,12
1,4,14
1,4,15
1,4,17
1,5,6
1,5,7
1,5,8
1,5,9
1,5,11
1,5,13
1,5,14
1,5,16
1,5,17
1,6,7
1,6,8
1,6,9
1,6,11
1,6,13
1,6,14
1,6,16
1,6,17
1,7,8
1,7,10
1,7,11
1,7,12
1,7,13
1,7,14
1,7,15
1,7,16
1,7,17
1,8,11
1,8,12
1,8,13
1,8,14
1,8,15
1,8,16
1,8,17
1,9,10
1,9,12
1,9,13
1,9,14
1,9,15
1,9,16
1,9,17
1,10,12
1,10,13
1,10,14
1,10,15
1,10,16
1,10,17
1,11,12
1,11,13
1,11,14
1,11,15
1,11,16
1,11,17
1,12,15
1,12,16
1,12,17
1,13,14
1,13,15
1,13,16
1,13,17
1,14,15
1,14,16
1,14,17
1,15,16
1,15,17
1,16,17
2
2,3
2,4
2,5
2,6
2,7
2,8
2,9
2,10
2,11
2,12
2,13
2,14
2,15
2,16
2,17
2,3,5
2,3,6
2,3,7
2,3,8
2,3,9
2,3,10
2,3,12
2,3,13
2,3,14
2,3,15
2,3,16
2,3,17
2,4,5
2,4,9
2,4,10
2,4,12
2,4,14
2,4,15
2,4,17
2,5,6
2,5,7
2,5,8
2,5,9
2,5,11
2,5,13
2,5,14
2,5,16
2,5,17
2,6,7
2,6,8
2,6,9
2,6,11
2,6,13
2,6,14
2,6,16
2,6,17
2,7,8
2,7,10
2,7,11
2,7,12
2,7,13
2,7,14
2,7,15
2,7,16
2,7,17
2,8,11
2,8,12
2,8,13
2,8,14
2,8,15
2,8,16
2,8,17
2,9,10
2,9,12
2,9,13
2,9,14
2,9,15
2,9,16
2,9,17
2,10,12
2,10,13
2,10,14
2,10,15
2,10,16
2,10,17
2,11,12
2,11,13
2,11,14
2,11,15
2,11,16
2,11,17
2,12,15
2,12,16
2,12,17
2,13,14
2,13,15
2,13,16
2,13,17
2,14,15
2,14,16
2,14,17
2,15,16
2,15,17
2,16,17
3
3,5
3,6
3,7
3,8
3,9
3,10
3,12
3,13
3,14
3,15
3,16
3,17
3,5,6
3,5,7
3,5,8
3,5,9
3,5,13
3,5,14
3,5,16
3,5,17
3,6,7
3,6,8
3,6,9
3,6,13
3,6,14
3,6,16
3,6,17
3,7,8
3,7,10
3,7,12
3,7,13
3,7,14
3,7,15
3,7,16
3,7,17
3,8,12
3,8,13
3,8,14
3,8,15
3,8,16
3,8,17
3,9,10
3,9,12
3,9,13
3,9,14
3,9,15
3,9,16
3,9,17
3,10,12
3,10,13
3,10,14
3,10,15
3,10,16
3,10,17
3,12,15
3,12,16
3,12,17
3,13,14
3,13,15
3,13,16
3,13,17
3,14,15
3,14,16
3,14,17
3,15,16
3,15,17
3,16,17
4
4,5
4,9
4,10
4,12
4,14
4,15
4,17
4,5,9
4,5,14
4,5,17
4,9,10
4,9,12
4,9,14
4,9,15
4,9,17
4,10,12
4,10,14
4,10,15
4,10,17
4,12,15
4,12,17
4,14,15
4,14,17
4,15,17
5
5,6
5,7
5,8
5,9
5,11
5,13
5,14
5,16
5,17
5,6,7
5,6,8
5,6,9
5,6,11
5,6,13
5,6,14
5,6,16
5,6,17
5,7,8
5,7,11
5,7,13
5,7,14
5,7,16
5,7,17
5,8,11
5,8,13
5,8,14
5,8,16
5,8,17
5,9,13
5,9,14
5,9,16
5,9,17
5,11,13
5,11,14
5,11,16
5,11,17
5,13,14
5,13,16
5,13,17
5,14,16
5,14,17
5,16,17
6
6,7
6,8
6,9
6,11
6,13
6,14
6,16
6,17
6,7,8
6,7,11
6,7,13
6,7,14
6,7,16
6,7,17
6,8,11
6,8,13
6,8,14
6,8,16
6,8,17
6,9,13
6,9,14
6,9,16
6,9,17
6,11,13
6,11,14
6,11,16
6,11,17
6,13,14
6,13,16
6,13,17
6,14,16
6,14,17
6,16,17
7
7,8
7,10
7,11
7,12
7,13
7,14
7,15
7,16
7,17
7,8,11
7,8,12
7,8,13
7,8,14
7,8,15
7,8,16
7,8,17
7,10,12
7,10,13
7,10,14
7,10,15
7,10,16
7,10,17
7,11,12
7,11,13
7,11,14
7,11,15
7,11,16
7,11,17
7,12,15
7,12,16
7,12,17
7,13,14
7,13,15
7,13,16
7,13,17
7,14,15
7,14,16
7,14,17
7,15,16
7,15,17
7,16,17
8
8,11
8,12
8,13
8,14
8,15
8,16
8,17
8,11,12
8,11,13
8,11,14
8,11,15
8,11,16
8,11,17
8,12,15
8,12,16
8,12,17
8,13,14
8,13,15
8,13,16
8,13,17
8,14,15
8,14,16
8,14,17
8,15,16
8,15,17
8,16,17
9
9,10
9,12
9,13
9,14
9,15
9,16
9,17
9,10,12
9,10,13
9,10,14
9,10,15
9,10,16
9,10,17
9,12,15
9,12,16
9,12,17
9,13,14
9,13,15
9,13,16
9,13,17
9,14,15
9,14,16
9,14,17
9,15,16
9,15,17
9,16,17
10
10,12
10,13
10,14
10,15
10,16
10,17
10,12,15
10,12,16
10,12,17
10,13,14
10,13,15
10,13,16
10,13,17
10,14,15
10,14,16
10,14,17
10,15,16
10,15,17
10,16,17
11
11,12
11,13
11,14
11,15
11,16
11,17
11,12,15
11,12,16
11,12,17
11,13,14
11,13,15
11,13,16
11,13,17
11,14,15
11,14,16
11,14,17
11,15,16
11,15,17
11,16,17
12
12,15
12,16
12,17
12,15,16
12,15,17
12,16,17
13
13,14
13,15
13,16
13,17
13,14,15
13,14,16
13,14,17
13,15,16
13,15,17
13,16,17
14
14,15
14,16
14,17
14,15,16
14,15,17
14,16,17
15
15,16
15,17
15,16,17
16
16,17
17
