4643|1|1,2,9|1|1,17,50,76|непонятно
4644|1|1,2,9|1,3|1,17,50,76,84|натворил
4645|1|1,2,9|1,4|1,17,30,50,76|невероятно
4646|1|1,2,9|1,5|1,50,76,81|не подавись
4647|1|1,2,9|1,6|1,6,17,50,76|не психуй
4648|1|1,2,9|1,7|1,9,17,50,76|развлечемся
4649|1|1,2,9|1,8|1,9,17,50,76|разберемся
4650|1|1,2,9|1,9|1,9,17,50,76|ну его
4651|1|1,2,9|1,10|1,17,34,40,41,84|отстань
4652|1|1,2,9|1,11|1,17,30,50,76|круто
4653|1|1,2,9|1,12|1,9,17,50,76|замучил
4654|1|1,2,9|1,13|1,17,30,50,76|офигеть
4655|1|1,2,9|1,14|1,17,30,50,76|ух ты
4656|1|1,2,9|1,15|1,15,17,50,76|ой
4657|1|1,2,9|1,16|1,17,50,76|погоди
4658|1|1,2,9|1,17|1,17,50,76,81|не болей
4659|1|1,2,9|2|17,50,76|понятно
4660|1|1,2,9|2,3|17,50,76,84|получай
4661|1|1,2,9|2,4|17,30,50,76|правильно
4662|1|1,2,9|2,5|50,76,81|ешь
4663|1|1,2,9|2,6|6,17,50,76|ничего
4664|1|1,2,9|2,7|9,17,50,76|сыграем
4665|1|1,2,9|2,8|9,17,50,76|освой
4666|1|1,2,9|2,9|9,17,50,76|неважно
4667|1|1,2,9|2,10|17,40,44,84|вот тебе
4668|1|1,2,9|2,11|17,30,50,76|хороший
4669|1|1,2,9|2,12|9,17,50,76|так и знал
4670|1|1,2,9|2,13|17,30,50,76|классно
4671|1|1,2,9|2,14|17,30,50,76|чудесно
4672|1|1,2,9|2,15|15,17,50,76|страшно
4673|1|1,2,9|2,16|9,17,50,76|да ладно
4674|1|1,2,9|2,17|17,50,76,81|исцелил
4675|1|1,2,9|3|17,50,76,84|наказываю пофиг
4676|1|1,2,9|3,5|17,50,76,84|а ну ешь
4677|1|1,2,9|3,6|17,50,76,84|чтобы неповадно было
4678|1|1,2,9|3,7|9,17,50,76,84|а ну играй
4679|1|1,2,9|3,8|9,17,50,76,84|а ну учи
4680|1|1,2,9|3,9|9,17,50,76,84|пошел
4681|1|1,2,9|3,10|17,34,40,84,85|прибью
4682|1|1,2,9|3,12|9,17,50,76,84|прибью ведь
4683|1|1,2,9|3,13|17,50,76,84|идиот
4684|1|1,2,9|3,14|17,50,76,84|ах ты тварь
4685|1|1,2,9|3,15|17,50,76,84|больно?
4686|1|1,2,9|3,16|9,17,50,76,84|пройдет
4687|1|1,2,9|3,17|17,50,76,81,84|на пользу
4688|1|1,2,9|4|14,17,50,76|молодец
4689|1|1,2,9|4,5|14,17,50,76|заслужил
4690|1|1,2,9|4,9|14,17,50,76|ну и хорошо
4691|1|1,2,9|4,10|17,34,40,44|доигрался
4692|1|1,2,9|4,12|9,17,50,76|ну прости
4693|1|1,2,9|4,14|14,17,50,76|замечательно
4694|1|1,2,9|4,15|15,17,50,76|ты даешь
4695|1|1,2,9|4,17|14,17,50,76,81|будь здоров
4696|1|1,2,9|5|50,76,81|кушай
4697|1|1,2,9|5,6|6,50,76,81|ешь спокойно
4698|1|1,2,9|5,7|9,50,76,81|потом поиграем
4699|1|1,2,9|5,8|9,50,76,81|потом поучимся
4700|1|1,2,9|5,9|9,50,76,81|да подавись
4701|1|1,2,9|5,11|30,50,76,81|самое вкусное
4702|1|1,2,9|5,13|30,50,76,81|жри
4703|1|1,2,9|5,14|30,50,76,81|наелся
4704|1|1,2,9|5,16|50,76,81|ладно, ешь
4705|1|1,2,9|5,17|4,50,68,76,81|поправляйся
4706|1|1,2,9|6|6,17,50,76|успокойся
4707|1|1,2,9|6,7|6,9,17,50,76|отвлечемся
4708|1|1,2,9|6,8|6,9,17,50,76|поучимся
4709|1|1,2,9|6,9|6,9,17,50,76|тихо
4710|1|1,2,9|6,11|6,17,30,50,76|все хорошо
4711|1|1,2,9|6,13|6,17,30,50,76|не паникуй
4712|1|1,2,9|6,14|6,17,30,50,76|все чудесно
4713|1|1,2,9|6,16|6,9,17,50,76|расслабься
4714|1|1,2,9|6,17|6,17,50,76,81|будешь жить
4715|1|1,2,9|7|17,43,50,76|поиграем
4716|1|1,2,9|7,8|17,43,45,50,76|попробуй повторить
4717|1|1,2,9|7,10|17,43,50,76|подеремся
4718|1|1,2,9|7,11|17,43,50,76|непобедимый
4719|1|1,2,9|7,12|17,43,50,76|это слишком
4720|1|1,2,9|7,13|17,43,50,76|побесимся
4721|1|1,2,9|7,14|17,43,50,76|давай играть
4722|1|1,2,9|7,15|15,17,50,76|осторожнее
4723|1|1,2,9|7,16|17,43,50,76|лучше поиграем
4724|1|1,2,9|7,17|17,46,50,76,81|можешь играть
4725|1|1,2,9|8|17,43,50,76|учи
4726|1|1,2,9|8,11|17,50,76|гениально
4727|1|1,2,9|8,12|17,43,50,76|бестолочь
4728|1|1,2,9|8,13|17,43,50,76|все узнаешь
4729|1|1,2,9|8,14|17,43,50,76|научу
4730|1|1,2,9|8,15|15,17,50,76|опасно
4731|1|1,2,9|8,16|17,43,50,76|лучше поучимся
4732|1|1,2,9|8,17|50,68,76,81|лечись
4733|1|1,2,9|9|17,50,76,83|все равно
4734|1|1,2,9|9,10|17,34,40,42,83|плевать
4735|1|1,2,9|9,12|17,50,76,83|надоел
4736|1|1,2,9|9,13|17,50,76,83|отвали
4737|1|1,2,9|9,14|17,50,76,83|не лезь
4738|1|1,2,9|9,15|15,17,50,76,83|ну нафиг
4739|1|1,2,9|9,16|17,50,76,83|бывает
4740|1|1,2,9|9,17|17,50,76,81|живи
4741|1|1,2,9|10|34,40,45,84|поделом
4742|1|1,2,9|10,12|34,40,45,84|изверг
4743|1|1,2,9|10,13|34,40,45,84|получил
4744|1|1,2,9|10,14|34,40,45,84|так тебе и надо
4745|1|1,2,9|10,15|34,40,45,84|нечаянно
4746|1|1,2,9|10,16|34,40,45,84|прикалываюсь
4747|1|1,2,9|10,17|34,40,81,84|потерпи
4748|1|1,2,9|11|17,30,50,76|ты хороший
4749|1|1,2,9|11,12|17,30,50,76|чертовски хорошо
4750|1|1,2,9|11,13|17,30,50,76|не дурно
4751|1|1,2,9|11,14|17,30,50,76|ты классный
4752|1|1,2,9|11,15|15,17,50,76|слишком хорошо
4753|1|1,2,9|11,16|17,30,50,76|ну ничего
4754|1|1,2,9|11,17|14,17,50,76,81|хорошо выглядишь
4755|1|1,2,9|12|17,50,76|плачу
4756|1|1,2,9|12,15|17,50,76|тошно
4757|1|1,2,9|12,16|17,50,76|не сердись
4758|1|1,2,9|12,17|17,50,76,81|пронесло
4759|1|1,2,9|13|17,30,50,76|смешно
4760|1|1,2,9|13,14|17,30,50,76|чудненько
4761|1|1,2,9|13,15|15,17,30,50,76|фыркнул
4762|1|1,2,9|13,16|17,30,50,76|усмехнулся
4763|1|1,2,9|13,17|17,30,50,76,81|как новенький
4764|1|1,2,9|14|17,30,50,76|радуюсь
4765|1|1,2,9|14,15|15,17,30,50,76|прикольно
4766|1|1,2,9|14,16|17,30,50,76|утешился
4767|1|1,2,9|14,17|17,30,50,76,81|оживил
4768|1|1,2,9|15|15,17,50,76|боюсь
4769|1|1,2,9|15,16|15,17,50,76|отходил
4770|1|1,2,9|15,17|15,17,50,76,81|ух пронесло
4771|1|1,2,9|16|17,50,76|прощаю
4772|1|1,2,9|16,17|17,50,76,81|на здоровье
4773|1|1,2,9|17|17,50,76,81|вылечил