4381|1|2,5,8|1|1,50,76,79|непонятно
4382|1|2,5,8|1,3|1,50,72,76|натворил
4383|1|2,5,8|1,4|1,30,50,76,79|невероятно
4384|1|2,5,8|1,5|1,50,76,79,81|не подавись
4385|1|2,5,8|1,6|1,6,50,76|не психуй
4386|1|2,5,8|1,7|1,3,50,76,79|развлечемся
4387|1|2,5,8|1,8|1,9,50,76,79|разберемся
4388|1|2,5,8|1,9|1,9,50,76,79|ну его
4389|1|2,5,8|1,10|1,40,41,79|отстань
4390|1|2,5,8|1,11|1,30,50,76,79|круто
4391|1|2,5,8|1,12|1,50,76,79|замучил
4392|1|2,5,8|1,13|1,50,76,79|офигеть
4393|1|2,5,8|1,14|1,50,76,79|ух ты
4394|1|2,5,8|1,15|1,15,50,76,79|ой
4395|1|2,5,8|1,16|1,50,76,79|погоди
4396|1|2,5,8|1,17|1,50,76,79,81|не болей
4397|1|2,5,8|2|50,76,79|понятно
4398|1|2,5,8|2,3|38,50,72,76,79|получай
4399|1|2,5,8|2,4|30,50,76,79|правильно
4400|1|2,5,8|2,5|50,76,79,81|ешь
4401|1|2,5,8|2,6|6,50,76,79|ничего
4402|1|2,5,8|2,7|9,50,76,79|сыграем
4403|1|2,5,8|2,8|9,50,76,79|освой
4404|1|2,5,8|2,9|9,50,76,79|неважно
4405|1|2,5,8|2,10|40,44,76,79|вот тебе
4406|1|2,5,8|2,11|30,50,76,79|хороший
4407|1|2,5,8|2,12|12,50,76,79|так и знал
4408|1|2,5,8|2,13|30,50,76,79|классно
4409|1|2,5,8|2,14|30,50,76,79|чудесно
4410|1|2,5,8|2,15|15,50,76,79|страшно
4411|1|2,5,8|2,16|50,76,79|да ладно
4412|1|2,5,8|2,17|50,76,79,81|исцелил
4413|1|2,5,8|3|50,72,76,79|наказываю пофиг
4414|1|2,5,8|3,5|50,72,76,79,81|а ну ешь
4415|1|2,5,8|3,6|6,50,72,76,79|чтобы неповадно было
4416|1|2,5,8|3,7|9,50,72,76,79|а ну играй
4417|1|2,5,8|3,8|9,50,72,76,79|а ну учи
4418|1|2,5,8|3,9|9,50,72,76,79|пошел
4419|1|2,5,8|3,10|40,45,72,76,79|прибью
4420|1|2,5,8|3,12|9,50,72,76,79|прибью ведь
4421|1|2,5,8|3,13|50,73,76,79|идиот
4422|1|2,5,8|3,14|30,50,72,76,79|ах ты тварь
4423|1|2,5,8|3,15|15,50,72,76,79|больно?
4424|1|2,5,8|3,16|50,72,76,79|пройдет
4425|1|2,5,8|3,17|50,72,76,79,81|на пользу
4426|1|2,5,8|4|30,50,76,79|молодец
4427|1|2,5,8|4,5|30,50,76,79,81|заслужил
4428|1|2,5,8|4,9|30,50,76,79|ну и хорошо
4429|1|2,5,8|4,10|40,41,50,76,79|доигрался
4430|1|2,5,8|4,12|30,50,76,79|ну прости
4431|1|2,5,8|4,14|30,50,76,79|замечательно
4432|1|2,5,8|4,15|15,50,76,79|ты даешь
4433|1|2,5,8|4,17|30,50,76,79,81|будь здоров
4434|1|2,5,8|5|14,50,76,81|кушай
4435|1|2,5,8|5,6|6,14,50,76,81|ешь спокойно
4436|1|2,5,8|5,7|14,46,50,81|потом поиграем
4437|1|2,5,8|5,8|14,50,76,81|потом поучимся
4438|1|2,5,8|5,9|14,50,76,81|да подавись
4439|1|2,5,8|5,11|14,50,76,81|самое вкусное
4440|1|2,5,8|5,13|14,50,76,81|жри
4441|1|2,5,8|5,14|14,50,76,81|наелся
4442|1|2,5,8|5,16|14,50,76,81|ладно, ешь
4443|1|2,5,8|5,17|14,50,76,81|поправляйся
4444|1|2,5,8|6|6,50,76,79|успокойся
4445|1|2,5,8|6,7|6,9,50,76,79|отвлечемся
4446|1|2,5,8|6,8|6,9,50,76,79|поучимся
4447|1|2,5,8|6,9|6,9,50,76,79|тихо
4448|1|2,5,8|6,11|6,30,50,76,79|все хорошо
4449|1|2,5,8|6,13|6,30,50,76,79|не паникуй
4450|1|2,5,8|6,14|6,30,50,76,79|все чудесно
4451|1|2,5,8|6,16|6,50,76,79|расслабься
4452|1|2,5,8|6,17|6,50,76,79,81|будешь жить
4453|1|2,5,8|7|9,50,76,79|поиграем
4454|1|2,5,8|7,8|9,50,76,79|попробуй повторить
4455|1|2,5,8|7,10|40,44,50,79|подеремся
4456|1|2,5,8|7,11|30,50,76,79|непобедимый
4457|1|2,5,8|7,12|9,50,76,79|это слишком
4458|1|2,5,8|7,13|9,30,50,76,79|побесимся
4459|1|2,5,8|7,14|9,30,50,76,79|давай играть
4460|1|2,5,8|7,15|15,50,76,79|осторожнее
4461|1|2,5,8|7,16|9,50,76,79|лучше поиграем
4462|1|2,5,8|7,17|9,50,76,79,81|можешь играть
4463|1|2,5,8|8|9,50,76,79|учи
4464|1|2,5,8|8,11|30,50,76,79|гениально
4465|1|2,5,8|8,12|9,50,76,79|бестолочь
4466|1|2,5,8|8,13|30,50,76,79|все узнаешь
4467|1|2,5,8|8,14|9,50,76,79|научу
4468|1|2,5,8|8,15|15,50,76,79|опасно
4469|1|2,5,8|8,16|9,50,76,79|лучше поучимся
4470|1|2,5,8|8,17|50,76,79,81|лечись
4471|1|2,5,8|9|9,50,76,79|все равно
4472|1|2,5,8|9,10|40,67,76,79|плевать
4473|1|2,5,8|9,12|9,50,76,79|надоел
4474|1|2,5,8|9,13|9,50,76,79|отвали
4475|1|2,5,8|9,14|9,50,76,79|не лезь
4476|1|2,5,8|9,15|15,50,76,79|ну нафиг
4477|1|2,5,8|9,16|9,50,76,79|бывает
4478|1|2,5,8|9,17|9,50,76,79,81|живи
4479|1|2,5,8|10|40,45,79|поделом
4480|1|2,5,8|10,12|40,45,79|изверг
4481|1|2,5,8|10,13|40,45,73,79|получил
4482|1|2,5,8|10,14|40,45,73,79|так тебе и надо
4483|1|2,5,8|10,15|15,40,45,79|нечаянно
4484|1|2,5,8|10,16|40,45,79|прикалываюсь
4485|1|2,5,8|10,17|34,79,81,83|потерпи
4486|1|2,5,8|11|50,68,76,79|ты хороший
4487|1|2,5,8|11,12|49,50,68,76,79|чертовски хорошо
4488|1|2,5,8|11,13|50,68,76,79|не дурно
4489|1|2,5,8|11,14|50,68,76,79|ты классный
4490|1|2,5,8|11,15|15,76,79|слишком хорошо
4491|1|2,5,8|11,16|50,68,76,79|ну ничего
4492|1|2,5,8|11,17|50,68,76,79,81|хорошо выглядишь
4493|1|2,5,8|12|50,76,79|плачу
4494|1|2,5,8|12,15|15,76,79|тошно
4495|1|2,5,8|12,16|50,76,79|не сердись
4496|1|2,5,8|12,17|50,76,79,81|пронесло
4497|1|2,5,8|13|30,50,76,79|смешно
4498|1|2,5,8|13,14|30,50,76,79|чудненько
4499|1|2,5,8|13,15|15,76,79|фыркнул
4500|1|2,5,8|13,16|30,50,76,79|усмехнулся
4501|1|2,5,8|13,17|30,50,76,79,81|как новенький
4502|1|2,5,8|14|30,50,76,79|радуюсь
4503|1|2,5,8|14,15|15,76,79|прикольно
4504|1|2,5,8|14,16|30,50,76,79,81|утешился
4505|1|2,5,8|15|15,76,79|боюсь
4506|1|2,5,8|15,16|15,76,79|отходил
4507|1|2,5,8|15,17|15,76,79,81|ух пронесло
4508|1|2,5,8|16|15,76,79|прощаю
4509|1|2,5,8|16,17|15,76,79,81|на здоровье
4510|1|2,5,8|17|15,76,79,81|вылечил