4512|1|2,5,9|1|1,50,74,76|непонятно
4513|1|2,5,9|1,3|1,50,74,76,84|натворил
4514|1|2,5,9|1,4|1,14,50,74,76|невероятно
4515|1|2,5,9|1,5|1,50,74,76,81|не подавись
4516|1|2,5,9|1,6|1,6,50,74,76|не психуй
4517|1|2,5,9|1,7|1,50,71,74,76|развлечемся
4518|1|2,5,9|1,8|1,50,74,76,77|разберемся
4519|1|2,5,9|1,9|1,50,74,76|ну его
4520|1|2,5,9|1,10|1,40,45,85|отстань
4521|1|2,5,9|1,11|1,30,50,74,76|круто
4522|1|2,5,9|1,12|1,50,74,76|замучил
4523|1|2,5,9|1,13|1,13,50,74,76|офигеть
4524|1|2,5,9|1,14|1,30,50,74,76|ух ты
4525|1|2,5,9|1,15|1,15,50,74,76|ой
4526|1|2,5,9|1,16|1,50,74,76|погоди
4527|1|2,5,9|1,17|1,50,76,81|не болей
4528|1|2,5,9|2|50,74,76|понятно
4529|1|2,5,9|2,3|50,74,76,84|получай
4530|1|2,5,9|2,4|14,50,74,76|правильно
4531|1|2,5,9|2,5|14,50,74,76,81|ешь
4532|1|2,5,9|2,6|6,50,74,76|ничего
4533|1|2,5,9|2,7|46,50,74,76|сыграем
4534|1|2,5,9|2,8|50,74,76|освой
4535|1|2,5,9|2,9|50,74,76|неважно
4536|1|2,5,9|2,10|40,44|вот тебе
4537|1|2,5,9|2,11|43,50,74,76|хороший
4538|1|2,5,9|2,12|50,74,76|так и знал
4539|1|2,5,9|2,13|43,50,74,76|классно
4540|1|2,5,9|2,14|30,50,74,76|чудесно
4541|1|2,5,9|2,15|15,50,74,76|страшно
4542|1|2,5,9|2,16|50,74,76|да ладно
4543|1|2,5,9|2,17|50,74,76,81|исцелил
4544|1|2,5,9|3|50,76,84|наказываю пофиг
4545|1|2,5,9|3,5|50,76,81|а ну ешь
4546|1|2,5,9|3,6|6,50,76|чтобы неповадно было
4547|1|2,5,9|3,7|39,50,76,84|а ну играй
4548|1|2,5,9|3,8|39,50,76,84|а ну учи
4549|1|2,5,9|3,9|50,76,84|пошел
4550|1|2,5,9|3,10|34,40,41,84|прибью
4551|1|2,5,9|3,12|50,76,84|прибью ведь
4552|1|2,5,9|3,13|43,50,76,84|идиот
4553|1|2,5,9|3,14|30,50,76,84|ах ты тварь
4554|1|2,5,9|3,15|15,50,76,84|больно?
4555|1|2,5,9|3,16|50,76,84|пройдет
4556|1|2,5,9|3,17|50,76,81|на пользу
4557|1|2,5,9|4|14,50,74,76|молодец
4558|1|2,5,9|4,5|14,50,76,81|заслужил
4559|1|2,5,9|4,9|14,50,74,76|ну и хорошо
4560|1|2,5,9|4,10|14,34,40,44,74|доигрался
4561|1|2,5,9|4,12|14,50,74,76|ну прости
4562|1|2,5,9|4,14|14,30,50,74,76|замечательно
4563|1|2,5,9|4,15|15,30,50,74,76|ты даешь
4564|1|2,5,9|4,17|14,50,74,76,81|будь здоров
4565|1|2,5,9|5|14,50,74,76,81|кушай
4566|1|2,5,9|5,6|6,14,50,74,76,81|ешь спокойно
4567|1|2,5,9|5,7|14,46,50,74,76,81|потом поиграем
4568|1|2,5,9|5,8|14,50,74,76,81|потом поучимся
4569|1|2,5,9|5,9|14,50,74,76,81|да подавись
4570|1|2,5,9|5,11|14,30,50,74,76,81|самое вкусное
4571|1|2,5,9|5,13|14,43,50,74,76,81|жри
4572|1|2,5,9|5,14|14,30,50,74,76,81|наелся
4573|1|2,5,9|5,16|14,50,74,76,81|ладно, ешь
4574|1|2,5,9|5,17|14,50,68,74,76,81|поправляйся
4575|1|2,5,9|6|6,50,74,76|успокойся
4576|1|2,5,9|6,7|6,9,50,74,76|отвлечемся
4577|1|2,5,9|6,8|6,50,74,76|поучимся
4578|1|2,5,9|6,9|6,50,74,76|тихо
4579|1|2,5,9|6,11|6,30,50,74,76|все хорошо
4580|1|2,5,9|6,13|6,30,50,74,76|не паникуй
4581|1|2,5,9|6,14|6,30,50,74,76|все чудесно
4582|1|2,5,9|6,16|6,50,74,76|расслабься
4583|1|2,5,9|6,17|6,50,74,76,81|будешь жить
4584|1|2,5,9|7|9,50,74,76|поиграем
4585|1|2,5,9|7,8|50,74,76|попробуй повторить
4586|1|2,5,9|7,10|9,34,40,44,74,84|подеремся
4587|1|2,5,9|7,11|30,50,74,76|непобедимый
4588|1|2,5,9|7,12|9,50,74,76|это слишком
4589|1|2,5,9|7,13|30,50,74,76|побесимся
4590|1|2,5,9|7,14|30,50,74,76|давай играть
4591|1|2,5,9|7,15|15,50,74,76|осторожнее
4592|1|2,5,9|7,16|50,74,76|лучше поиграем
4593|1|2,5,9|7,17|50,74,76,81|можешь играть
4594|1|2,5,9|8|9,50,74,76|учи
4595|1|2,5,9|8,11|30,50,74,76|гениально
4596|1|2,5,9|8,12|9,50,74,76|бестолочь
4597|1|2,5,9|8,13|30,50,74,76|все узнаешь
4598|1|2,5,9|8,14|30,50,74,76|научу
4599|1|2,5,9|8,15|15,50,74,76|опасно
4600|1|2,5,9|8,16|9,50,74,76|лучше поучимся
4601|1|2,5,9|8,17|50,74,76,81|лечись
4602|1|2,5,9|9|9,50,74,76|все равно
4603|1|2,5,9|9,10|40,41,74,84|плевать
4604|1|2,5,9|9,12|9,50,74,76|надоел
4605|1|2,5,9|9,13|9,50,74,76|отвали
4606|1|2,5,9|9,14|9,50,74,76|не лезь
4607|1|2,5,9|9,15|9,50,74,76|ну нафиг
4608|1|2,5,9|9,16|9,50,74,76|бывает
4609|1|2,5,9|9,17|50,74,76,81|живи
4610|1|2,5,9|10|34,40,84,85|поделом
4611|1|2,5,9|10,12|34,40,84,85|изверг
4612|1|2,5,9|10,13|34,40,84,85|получил
4613|1|2,5,9|10,14|34,40,84,85|так тебе и надо
4614|1|2,5,9|10,15|15,35,40,45,84|нечаянно
4615|1|2,5,9|10,16|34,40,84,85|прикалываюсь
4616|1|2,5,9|10,17|16,40,81|потерпи
4617|1|2,5,9|11|30,50,74,76|ты хороший
4618|1|2,5,9|11,12|50,51,74,76|чертовски хорошо
4619|1|2,5,9|11,13|30,50,74,76|не дурно
4620|1|2,5,9|11,14|30,50,74,76|ты классный
4621|1|2,5,9|11,15|15,50,74,76|слишком хорошо
4622|1|2,5,9|11,16|30,50,74,76|ну ничего
4623|1|2,5,9|11,17|30,50,74,76,81|хорошо выглядишь
4624|1|2,5,9|12|50,74,76|плачу
4625|1|2,5,9|12,15|50,74,76|тошно
4626|1|2,5,9|12,16|50,74,76|не сердись
4627|1|2,5,9|12,17|50,76,81|пронесло
4628|1|2,5,9|13|30,50,74,76|смешно
4629|1|2,5,9|13,14|30,50,74,76|чудненько
4630|1|2,5,9|13,15|15,50,74,76|фыркнул
4631|1|2,5,9|13,16|30,50,74,76|усмехнулся
4632|1|2,5,9|13,17|30,50,74,76,81|как новенький
4633|1|2,5,9|14|30,50,74,76|радуюсь
4634|1|2,5,9|14,15|30,50,74,76|прикольно
4635|1|2,5,9|14,16|30,50,74,76|утешился
4636|1|2,5,9|14,17|4,50,74,76,81|оживил
4637|1|2,5,9|15|15,76,79,80|боюсь
4638|1|2,5,9|15,16|15,76,79,80|отходил
4639|1|2,5,9|16|50,74,76|прощаю
4640|1|2,5,9|16,17|50,74,76,81|на здоровье
4641|1|2,5,9|17|50,74,76,81|вылечил