3560|1|7|1|21|странно
3561|1|7|1,3|12,21|чушь
3562|1|7|1,5|4|не подавись
3563|1|7|1,6|6|спокойно
3565|1|7|2,5|4|ешь
3566|1|7|2,6|6|ничего
3567|1|7|3,5|83|а ну ешь
3568|1|7|3,6|6|чтобы неповадно было
3569|1|7|4,5|6,14,68,81|заслужил
3570|1|7|5,6|6|ешь спокойно
3571|1|7|5,7|6,46|потом поиграем
3572|1|7|5,8|6,8|потом поучимся
3573|1|7|5,11|4,6,30|самое вкусное
3574|1|7|5,13|6,30|лопай
3575|1|7|5,14|6,14|наелся
3576|1|7|5,16|6|ладно, ешь
3577|1|7|5,17|6,14|поправляйся
3578|1|7|6|6|тихо
3579|1|7|6,7|6|тпоиграем
3580|1|7|6,8|6|поучимся
3581|1|7|6,9|6|заткнись
3582|1|7|6,11|6,30|все хорошо
3583|1|7|6,13|6|не паникуй
3584|1|7|6,14|6|все чудесно
3585|1|7|6,16|6|расслабься
3586|1|7|6,17|6,14|будешь жить
3588|1|7|8|6,8|учи
3589|1|7|8,11|6,8,30|шикарно
3590|1|7|8,13|6,14,50|все узнаешь
3591|1|7|9|21,38|все равно
3592|1|7|9,10|12,21|плевать
3593|1|7|10|15,21|поделом
3594|1|7|10,12|21|изверг
3595|1|7|10,13|1,21|получил
3596|1|7|10,14|1,21|так тебе и надо
3597|1|7|11|6,30|ты хороший
3598|1|7|11,13|6,13|не дурно
3599|1|7|11,14|6,14|ты классный
3600|1|7|11,16|6,68|ну ничего
3601|1|7|11,17|6,14,30|хорошо выглядишь
3602|1|7|12|12,15|плачу
3603|1|7|12,15|15,21|тошно
3604|1|7|12,16|6,11|не сердись
3605|1|7|13|6|смешно
3606|1|7|13,14|6,30|чудненько
3607|1|7|13,16|6,72|усмехнулся
3608|1|7|13,17|6,30,81|как новенький
3609|1|7|14|1,6|радуюсь
3610|1|7|14,16|6|утешился
3611|1|7|14,17|6,30,81|оживил
3612|1|7|15|1,15|боюсь
3613|1|7|15,16|1|отходил
3614|1|7|15,17|81|ух пронесло
3615|1|7|16|4,6|прощаю
3616|1|7|16,17|4,81|на здоровье
3617|1|7|17|6|вылечил