1667|2|1,2,9|1|1,5|странно
1668|2|1,2,9|2|2,5|толково
1669|2|1,2,9|3|5,12|взгрею
1670|2|1,2,9|4|4,5|молодец
1671|2|1,2,9|5|69,79|жри давай
1672|2|1,2,9|6|5,69|засохни
1673|2|1,2,9|7|9|поиграем
1674|2|1,2,9|8|50|учи
1675|2|1,2,9|9|1,5|все равно
1676|2|1,2,9|10|5,12|поделом
1677|2|1,2,9|11|5,69|ты хороший
1678|2|1,2,9|12|5,16|плачу
1679|2|1,2,9|13|5,9|смешно
1680|2|1,2,9|14|5|ухмыляюсь
1681|2|1,2,9|15|1,5|боюсь
1682|2|1,2,9|16|5,69|прощаю
1683|2|1,2,9|17|5,79|вылечил
1684|2|1,2,9|1,3|5,12|натворил
1685|2|1,2,9|1,4|4,5|невероятно
1686|2|1,2,9|1,5|14|не поперхнись
1687|2|1,2,9|1,6|5|не ори
1688|2|1,2,9|1,7|5,9|развлечемся
1689|2|1,2,9|1,8|5,50|разберемся
1690|2|1,2,9|1,9|5|ну его
1691|2|1,2,9|1,10|5,12|отстань
1692|2|1,2,9|1,11|5,79|круто
1693|2|1,2,9|1,12|5,12|замучил
1694|2|1,2,9|1,13|5,69|офигеть
1695|2|1,2,9|1,14|5,79|ух ты
1696|2|1,2,9|1,15|5,15|ой
1697|2|1,2,9|1,16|5|погоди
1698|2|1,2,9|1,17|5,79|не болей
1699|2|1,2,9|2,3|5,15|получай
1700|2|1,2,9|2,4|5,79|правильно
1701|2|1,2,9|2,5|13,79|ешь
1702|2|1,2,9|2,6|5,69|ничего
1703|2|1,2,9|2,7|5,9|сыграем
1704|2|1,2,9|2,8|5,50|освой
1705|2|1,2,9|2,9|9|неважно
1706|2|1,2,9|2,10|5,12|вот тебе
1707|2|1,2,9|2,11|5,79|хороший
1708|2|1,2,9|2,12|5,12|так и знал
1709|2|1,2,9|2,13|5,56|классно
1710|2|1,2,9|2,14|5,79|чудесно
1711|2|1,2,9|2,15|5,15|страшно
1712|2|1,2,9|2,16|5|да ладно
1713|2|1,2,9|2,17|5,79|исцелил
1714|2|1,2,9|3,5|1,5,15|а ну ешь
1715|2|1,2,9|3,6|5,15,69|чтобы неповадно было
1716|2|1,2,9|3,7|5,9,15|играй же
1717|2|1,2,9|3,8|5,15,50|учи же
1718|2|1,2,9|3,9|9,15|пошел
1719|2|1,2,9|3,10|1,5,12,15|накажу
1720|2|1,2,9|3,12|1,5,15|накажу ведь
1721|2|1,2,9|3,13|1,5,15|идиот
1722|2|1,2,9|3,14|1,5,15|ах ты тварь
1723|2|1,2,9|3,15|5,15|больно?
1724|2|1,2,9|3,16|5,15|пройдет
1725|2|1,2,9|3,17|5,15|на пользу
1726|2|1,2,9|4,5|14|заслужил
1727|2|1,2,9|4,9|5,9|ну и хорошо
1728|2|1,2,9|4,10|5,12|доигрался
1729|2|1,2,9|4,12|1,5|ну прости
1730|2|1,2,9|4,14|5,14|замечательно
1731|2|1,2,9|4,15|5,15|ты даешь
1732|2|1,2,9|4,17|5,79|будь здоров
1733|2|1,2,9|5,6|4,69,79|ешь спокойно
1734|2|1,2,9|5,7|9,69,79|потом поиграем
1735|2|1,2,9|5,8|9,50,69,79|потом поучимся
1736|2|1,2,9|5,9|69|да подавись
1737|2|1,2,9|5,11|69,79|самое вкусное
1738|2|1,2,9|5,13|56,69|жри
1739|2|1,2,9|5,14|5,79|наелся
1740|2|1,2,9|5,16|16,69|ладно, ешь
1741|2|1,2,9|5,17|75,79|поправляйся
1742|2|1,2,9|6,7|5,9,69|отвлечемся
1743|2|1,2,9|6,8|5,50,69|поучимся
1744|2|1,2,9|6,9|5,9,69|тихо
1745|2|1,2,9|6,11|5,75,79|все хорошо
1746|2|1,2,9|6,13|5,56,69|не паникуй
1747|2|1,2,9|6,14|5,69|все чудесно
1748|2|1,2,9|6,16|5,16,69|расслабься
1749|2|1,2,9|6,17|5,69,79|будешь жить
1750|2|1,2,9|7,8|5,50|попробуй повторить
1751|2|1,2,9|7,10|5,9,12|подеремся
1752|2|1,2,9|7,11|5,9,79|непобедимый
1753|2|1,2,9|7,12|5,9|это слишком
1754|2|1,2,9|7,13|5,9,56|побесимся
1755|2|1,2,9|7,14|5,9,79|давай играть
1756|2|1,2,9|7,15|5,9,15|осторожнее
1757|2|1,2,9|7,16|5,9,16|лучше поиграем
1758|2|1,2,9|7,17|5,9,79|можешь играть
1759|2|1,2,9|8,11|5,50,79|гениально
1760|2|1,2,9|8,12|5,50|бестолочь
1761|2|1,2,9|8,13|5,50,56|все узнаешь
1762|2|1,2,9|8,14|5,50,79|научу
1763|2|1,2,9|8,15|5,15,50|опасно
1764|2|1,2,9|8,16|5,50|лучше поучимся
1765|2|1,2,9|8,17|5,50,79|лечись
1766|2|1,2,9|9,10|5,12|плевать
1767|2|1,2,9|9,12|5,12|надоел
1768|2|1,2,9|9,13|5,56|отвали
1769|2|1,2,9|9,14|5,79|не лезь
1770|2|1,2,9|9,15|5,15|ну нафиг
1771|2|1,2,9|9,16|5|бывает
1772|2|1,2,9|9,17|5,79|живи
1773|2|1,2,9|10,12|5,12,15|изверг
1774|2|1,2,9|10,13|5,12,15|получил
1775|2|1,2,9|10,14|5,12|так тебе и надо
1776|2|1,2,9|10,15|5,15|нечаянно
1777|2|1,2,9|10,16|5|прикалываюсь
1778|2|1,2,9|10,17|5,15|потерпи
1779|2|1,2,9|11,12|5,56|чертовски хорошо
1780|2|1,2,9|11,13|5,56|не дурно
1781|2|1,2,9|11,14|5,79|ты классный
1782|2|1,2,9|11,15|5,15|слишком хорошо
1783|2|1,2,9|11,16|5,16|ну ничего
1784|2|1,2,9|11,17|5,79|хорошо выглядишь
1785|2|1,2,9|12,15|5,15|тошно
1786|2|1,2,9|12,16|5,16|не сердись
1787|2|1,2,9|13,14|5,79|чудненько
1788|2|1,2,9|13,15|5,15|фыркнул
1789|2|1,2,9|13,16|5,16|усмехнулся
1790|2|1,2,9|13,17|5,79|как новенький
1791|2|1,2,9|14,15|5,79|прикольно
1792|2|1,2,9|14,16|5,16|утешился
1793|2|1,2,9|14,17|5,79|оживил
1794|2|1,2,9|15,16|5,15|отходил
1795|2|1,2,9|15,17|5,79|ух пронесло
1796|2|1,2,9|16,17|5,79|на здоровье
3299|2|1,2,9|12,17|5,56,84|пронесло