1929|2|1,2,3|1|17,50|не ясно
1930|2|1,2,3|2|2,17|ясно
1931|2|1,2,3|3|12,17|наказываю
1932|2|1,2,3|4|4,17|молоток
1933|2|1,2,3|5|6,14|покушай
1934|2|1,2,3|6|6,17|успокойся
1935|2|1,2,3|7|4,7,17|поиграем
1936|2|1,2,3|8|17,50|учись
1937|2|1,2,3|9|17,50|по барабану
1938|2|1,2,3|10|12,17|поделом
1939|2|1,2,3|11|6,17|ты крутой
1940|2|1,2,3|12|16,17|плачу
1941|2|1,2,3|13|9,17|смешно
1942|2|1,2,3|14|17|радуюсь
1943|2|1,2,3|15|17,50|ох боюсь
1944|2|1,2,3|16|6,17|прощаю
1945|2|1,2,3|17|14,17|вылечил таки
1946|2|1,2,3|1,3|12,17|натворил
1947|2|1,2,3|1,4|4,17|не может быть
1948|2|1,2,3|1,5|14|не подавись
1949|2|1,2,3|1,6|17|не дергайся
1950|2|1,2,3|1,7|4,7,17|развлечемся
1951|2|1,2,3|1,8|17,50|разберемся
1952|2|1,2,3|1,9|17|да ну его
1953|2|1,2,3|1,10|12,17|да отстань ты
1954|2|1,2,3|1,11|17,17|клево
1955|2|1,2,3|1,12|12,17|задолбал
1956|2|1,2,3|1,13|6,17|охренеть
1957|2|1,2,3|1,14|14,17|ух ты
1958|2|1,2,3|1,15|15,17|ой
1959|2|1,2,3|1,16|17|погоди ка
1960|2|1,2,3|1,17|14,17|не болей
1961|2|1,2,3|2,3|15,17|получай
1962|2|1,2,3|2,4|14,17|правильно
1963|2|1,2,3|2,5|13,14|ешь
1964|2|1,2,3|2,6|6,17|ничего
1965|2|1,2,3|2,7|4,7,17|сыграем
1966|2|1,2,3|2,8|17,50|освой
1967|2|1,2,3|2,9|9|да пофиг
1968|2|1,2,3|2,10|12,17|вот тебе
1969|2|1,2,3|2,11|14,17|хороший
1970|2|1,2,3|2,12|12,17|так и думал
1971|2|1,2,3|2,13|13,17|чудесно
1972|2|1,2,3|2,14|14,17|великолепно
1973|2|1,2,3|2,15|15,17|жутковато
1974|2|1,2,3|2,16|17|ну и ладно
1975|2|1,2,3|2,17|14,17|вылечил
1976|2|1,2,3|3,5|15,17,50|а ну ешь
1977|2|1,2,3|3,6|6,15,17|чтобы неповадно было
1978|2|1,2,3|3,7|15,17|а ну играй давай
1979|2|1,2,3|3,8|15,17,50|а ну учи давай
1980|2|1,2,3|3,9|9,15|иди к лешему
1981|2|1,2,3|3,10|12,15,17,50|прихлопну
1982|2|1,2,3|3,12|15,17,50|прихлопну ведь
1983|2|1,2,3|3,13|15,17,50|вот идиот
1984|2|1,2,3|3,14|15,17,50|животное
1985|2|1,2,3|3,15|15,17|больно?
1986|2|1,2,3|3,16|15,17|не очкуй
1987|2|1,2,3|3,17|15,17|не помешает
1988|2|1,2,3|4,5|14|заслужил
1989|2|1,2,3|4,9|9,17|вот и ладно
1990|2|1,2,3|4,10|12,17|вот и доигрался
1991|2|1,2,3|4,12|17,50|ну прости же
1992|2|1,2,3|4,14|14,17|замечательно
1993|2|1,2,3|4,15|15,17|ты даешь
1994|2|1,2,3|4,17|14,17|будь здоров
1995|2|1,2,3|5,6|4,6,14|не торопись
1996|2|1,2,3|5,7|4,6,7,17|потом поиграем
1997|2|1,2,3|5,8|6,14,50|потом поучимся
1998|2|1,2,3|5,9|6,9|да подавись
1999|2|1,2,3|5,11|6,14|самое вкусное
2000|2|1,2,3|5,13|6,13|жри
2001|2|1,2,3|5,14|6,14|наелся
2002|2|1,2,3|5,16|6,16|ладно, хавай
2003|2|1,2,3|5,17|6,14|поправляйся
2004|2|1,2,3|6,7|4,6,7,17|отвлечемся
2005|2|1,2,3|6,8|6,17,50|поучимся
2006|2|1,2,3|6,9|6,9,17|тихо
2007|2|1,2,3|6,11|6,14,17|гут
2008|2|1,2,3|6,13|6,13,17|не ссы
2009|2|1,2,3|6,14|6,14,17|все чудесно
2010|2|1,2,3|6,16|6,16,17|расслабься
2011|2|1,2,3|6,17|6,14,17|будешь жить
2012|2|1,2,3|7,8|4,7,17,50|попробуй повторить
2013|2|1,2,3|7,10|12,17|подеремся
2014|2|1,2,3|7,11|4,7,14,17|непобедимый
2015|2|1,2,3|7,12|17|это слишком
2016|2|1,2,3|7,13|4,7,13,17|побесимся
2017|2|1,2,3|7,14|4,7,14,17|давай играть
2018|2|1,2,3|7,15|15,17|осторожнее
2019|2|1,2,3|7,16|4,7,16,17|лучше поиграем
2020|2|1,2,3|7,17|4,7,14,17|можешь играть
2021|2|1,2,3|8,11|4,17,50|гениально
2022|2|1,2,3|8,12|4,17,50|бестолочь
2023|2|1,2,3|8,13|4,17,50|все узнаешь
2024|2|1,2,3|8,14|4,17,50|научу
2025|2|1,2,3|8,15|4,15,17,50|опасно
2026|2|1,2,3|8,16|4,17,50|лучше поучимся
2027|2|1,2,3|8,17|4,17,50|лечись
2028|2|1,2,3|9,10|12,17|плевать
2029|2|1,2,3|9,12|12,17|надоел
2030|2|1,2,3|9,13|13,17|отвали
2031|2|1,2,3|9,14|14,17|не лезь
2032|2|1,2,3|9,15|15,17|ну нафиг
2033|2|1,2,3|9,16|17|бывает
2034|2|1,2,3|9,17|14,17|живи
2035|2|1,2,3|10,12|12,15,17|изверг
2036|2|1,2,3|10,13|12,15,17|получил
2037|2|1,2,3|10,14|12,17|так тебе и надо
2038|2|1,2,3|10,15|15,17|нечаянно
2039|2|1,2,3|10,16|17|прикалываюсь
2040|2|1,2,3|10,17|15,17|потерпи
2041|2|1,2,3|11,12|13,17|чертовски хорошо
2042|2|1,2,3|11,13|13,17|не дурно
2043|2|1,2,3|11,14|14,17|ты классный
2044|2|1,2,3|11,15|15,17|очень хорошо
2045|2|1,2,3|11,16|16,17|ну ничего
2046|2|1,2,3|11,17|14,17|не плохо выглядишь
2047|2|1,2,3|12,15|15,17|тошно
2048|2|1,2,3|12,16|16,17|не сердись
2049|2|1,2,3|13,14|14,17|чудненько
2050|2|1,2,3|13,15|15,17|фыркнул
2051|2|1,2,3|13,16|16,17|усмехнулся
2052|2|1,2,3|13,17|14,17|как новенький
2053|2|1,2,3|14,15|14,15,17|прикольно
2054|2|1,2,3|14,16|16,17|успокоил
2055|2|1,2,3|14,17|14,17|оживил таки
2056|2|1,2,3|15,16|15,17|отошел
2057|2|1,2,3|15,17|14,17|слава богу
2058|2|1,2,3|16,17|14,17|на здоровье
3301|2|1,2,3|12,17|17,50|пронесло