38|2|2|1|1,8|непонятно
39|2|2|2|14|понятно
40|2|2|3|1,15|пофиг
41|2|2|4|14|хвалю
42|2|2|5|6|кушай
43|2|2|6|6|успокойся
44|2|2|7|4,7|поиграем
45|2|2|8|4,50|учи
46|2|2|9|1|все равно
47|2|2|10|1,12,15|вот тебе
48|2|2|11|11,14|ты хороший
49|2|2|12|1,12|плачу
50|2|2|13|1,13|смешно
51|2|2|14|1,14|радуюсь
52|2|2|15|1,15|боюсь
53|2|2|16|1,16|прощаю
54|2|2|17|13,14|вылечил
91|2|2|1,3|1,15|натворил
92|2|2|1,4|1,14|невероятно
93|2|2|1,5|1,14|странно
94|2|2|1,6|1,6|спокойно
95|2|2|1,7|7|развлечемся
96|2|2|1,8|50|разберемся
97|2|2|1,9|9|ну его
98|2|2|1,10|1,12,15|отстань
99|2|2|1,11|1,6|круто
100|2|2|1,12|1,15|замучил
101|2|2|1,13|9|офигеть
102|2|2|1,14|1,14|ух ты
103|2|2|1,15|1,15|ой
104|2|2|1,16|9|погоди
105|2|2|1,17|14|не болей
106|2|2|2,3|1,15|получай
107|2|2|2,4|1,14|правильно
108|2|2|2,5|6|ешь
109|2|2|2,6|6|ничего
110|2|2|2,7|7|сыграем
111|2|2|2,8|50|освой
112|2|2|2,9|9|неважно
113|2|2|2,10|1,12|ударю
114|2|2|2,11|1,14|хороший
115|2|2|2,12|1,15|так и знал
116|2|2|2,13|1,13|классно
117|2|2|2,14|1,14|чудесно
118|2|2|2,15|1,15|страшно
119|2|2|2,16|9|да ладно
120|2|2|2,17|14|исцелил
121|2|2|3,5|1,15|а ну ешь
122|2|2|3,6|1,15|уймись
123|2|2|3,7|1,15|а ну играй
124|2|2|3,8|1,15,50|а ну учи
125|2|2|3,9|1,15|пошел
126|2|2|3,10|1,12,15|прибью
127|2|2|3,12|1,12|прибью ведь
128|2|2|3,13|1,15|идиот
129|2|2|3,14|1,15|тревожно
130|2|2|3,15|1,15|больно?
131|2|2|3,16|1,15|пройдет
132|2|2|3,17|1,15|на пользу
133|2|2|4,5|14|заслужил
134|2|2|4,9|1,14|ну и хорошо
135|2|2|4,10|1,15|доигрался
136|2|2|4,12|1,15|ну прости
137|2|2|4,14|1,14|замечательно
138|2|2|4,15|1,15|ты даешь
139|2|2|4,17|1,14|будь здоров
140|2|2|5,6|1,6|ешь спокойно
141|2|2|5,7|1,7|потом поиграем
142|2|2|5,8|1,50|потом поучимся
143|2|2|5,9|1,14|да подавись
144|2|2|5,11|1,14|самое вкусное
145|2|2|5,13|1,13,14|жри
146|2|2|5,14|1,14|наелся
147|2|2|5,16|14|ладно, ешь
148|2|2|5,17|14|поправляйся
149|2|2|6,7|1,4,6,7|отвлечемся
150|2|2|6,8|1,6,50|поучимся
151|2|2|6,9|1,6|тихо
152|2|2|6,11|1,6,14|все хорошо
153|2|2|6,13|1,6,13,14|не паникуй
154|2|2|6,14|1,6,14|все чудесно
155|2|2|6,16|1,6,16|расслабься
156|2|2|6,17|1,6,14|будешь жить
157|2|2|7,8|4,7,50|попробуй повторить
158|2|2|7,10|1,15|подеремся
159|2|2|7,11|4,7,14|непобедимый
160|2|2|7,12|1,15|это слишком
161|2|2|7,13|4,7,14|побесимся
162|2|2|7,14|4,7,14|давай играть
163|2|2|7,15|1,15|осторожнее
164|2|2|7,16|4,7,14|лучше поиграем
165|2|2|7,17|1,7,14|можешь играть
166|2|2|8,11|4,50|гениально
167|2|2|8,12|1,15,50|бестолочь
168|2|2|8,13|4,50|все узнаешь
169|2|2|8,14|4,50|научу
170|2|2|8,15|1,15,50|опасно
171|2|2|8,16|1,4,50|лучше поучимся
172|2|2|8,17|1,50|лечись
173|2|2|9,10|1,12|плевать
174|2|2|9,12|1,12|надоел
175|2|2|9,13|1|отвали
176|2|2|9,14|1|не лезь
177|2|2|9,15|1,15|ну нафиг
178|2|2|9,16|1|бывает
179|2|2|9,17|1,14|живи
180|2|2|10,12|1,12,15|изверг
181|2|2|10,13|1,12,15|получил
182|2|2|10,14|1,12,15|так тебе и надо
183|2|2|10,15|1,12,15|нечаянно
184|2|2|10,16|1,12|прикалываюсь
185|2|2|10,17|1,12|потерпи
186|2|2|11,12|1,15|чертовски хорошо
187|2|2|11,13|1,14|не дурно
188|2|2|11,14|1,13,14|ты классный
189|2|2|11,15|1,15|слишком хорошо
190|2|2|11,16|1,15|ну ничего
191|2|2|11,17|1,13,14|хорошо выглядишь
192|2|2|12,15|1,12,21|тошно
193|2|2|12,16|1,12,16|не сердись
194|2|2|12,17|1,15|пронесло
198|2|2|13,14|1,13,14|чудненько
199|2|2|13,15|1,13,15|фыркнул
200|2|2|13,16|1,13|усмехнулся
960|2|2|13,17|1,13|как новенький
961|2|2|14,15|1,13|прикольно
962|2|2|14,16|13|утешился
963|2|2|14,17|13,14|оживил
964|2|2|15,16|1,13|отходил
965|2|2|15,17|1,14|ух пронесло
966|2|2|16,17|1,14,16|на здоровье