1522|2|2,5,9|1|1,84|не догоняю
1523|2|2,5,9|1,3|1,84|влип
1524|2|2,5,9|1,4|1,56,79|не может быть
1525|2|2,5,9|1,5|1,56,79|не подавись
1526|2|2,5,9|1,6|1,6|не рыпайся
1527|2|2,5,9|1,7|9,56|развлечемся
1528|2|2,5,9|1,8|50,56|посмотрим
1529|2|2,5,9|1,9|9,56|ну его
1530|2|2,5,9|1,10|12,84|отстань
1531|2|2,5,9|1,11|13,79|круто
1532|2|2,5,9|1,12|12,56|задолбал
1533|2|2,5,9|1,13|13,56|офигеть
1534|2|2,5,9|1,14|1,56|ух ты
1535|2|2,5,9|1,15|56|ой
1536|2|2,5,9|1,16|9,56|погоди
1537|2|2,5,9|1,17|13,56|не болей
1538|2|2,5,9|2|2,56|понятно
1539|2|2,5,9|2,3|12,56|получай
1540|2|2,5,9|2,4|56,79|правильно
1541|2|2,5,9|2,5|68,79|ешь
1542|2|2,5,9|2,6|56,68,79|ничего
1543|2|2,5,9|2,7|4,7,79|сыграем
1544|2|2,5,9|2,8|4,50,79|освой
1545|2|2,5,9|2,9|84|неважно
1546|2|2,5,9|2,10|12,56|вот тебе
1547|2|2,5,9|2,11|68,79|хороший
1548|2|2,5,9|2,12|1,56|так и знал
1549|2|2,5,9|2,13|56,79|классно
1550|2|2,5,9|2,14|68,79|чудесно
1551|2|2,5,9|2,15|56,68,79|страшно
1552|2|2,5,9|2,16|56,68,79|да ладно
1553|2|2,5,9|2,17|56,68,79|исцелил
1554|2|2,5,9|3|12,56|замучаю
1555|2|2,5,9|3,5|1,56|а ну ешь
1556|2|2,5,9|3,6|1,79|чтобы неповадно было
1557|2|2,5,9|3,7|1,56,79|быстро играй
1558|2|2,5,9|3,8|1,50,56,79|быстро учи
1559|2|2,5,9|3,9|1,9|пошел к черту
1560|2|2,5,9|3,10|12,21|придушу
1561|2|2,5,9|3,12|1,56|придушу ведь
1562|2|2,5,9|3,13|1,56|идиот
1563|2|2,5,9|3,14|1,56,68|ах ты гнида
1564|2|2,5,9|3,15|68|больно?
1565|2|2,5,9|3,16|56|пройдет
1566|2|2,5,9|3,17|1,68|на пользу
1567|2|2,5,9|4|13|молодец
1568|2|2,5,9|4,5|56,79|заслужил
1569|2|2,5,9|4,9|68|ну и хорошо
1570|2|2,5,9|4,10|1,12,56|доигрался
1571|2|2,5,9|4,12|1,56|ну прости
1572|2|2,5,9|4,14|1,68|замечательно
1573|2|2,5,9|4,15|6,68|ты даешь
1574|2|2,5,9|4,17|56,68,79|будь здоров
1575|2|2,5,9|5|56,79|кушай
1576|2|2,5,9|5,6|4,56,79|ешь спокойно
1577|2|2,5,9|5,7|4,7,79|потом поиграем
1578|2|2,5,9|5,8|4,50,79|потом поучимся
1579|2|2,5,9|5,9|9,79|да подавись
1580|2|2,5,9|5,11|56,79|самое вкусное
1581|2|2,5,9|5,13|56,79|жри
1582|2|2,5,9|5,14|14,79|наелся
1583|2|2,5,9|5,16|16,79|ладно, ешь
1584|2|2,5,9|5,17|56,68,79|поправляйся
1585|2|2,5,9|6|6|успокойся
1586|2|2,5,9|6,7|7,56,79|отвлечемся
1587|2|2,5,9|6,8|50,56,79|поучимся
1588|2|2,5,9|6,9|9|тихо
1589|2|2,5,9|6,11|56,79|все хорошо
1590|2|2,5,9|6,13|56,79|не паникуй
1591|2|2,5,9|6,14|9,68|все чудесно
1592|2|2,5,9|6,16|9,16|расслабься
1593|2|2,5,9|6,17|9,56,68|будешь жить
1594|2|2,5,9|7|4,7,79|поиграем
1595|2|2,5,9|7,8|4,7,56,79|попробуй повторить
1596|2|2,5,9|7,10|1,12|подеремся
1597|2|2,5,9|7,11|4,7,68,79|непобедимый
1598|2|2,5,9|7,12|1,12,56|это слишком
1599|2|2,5,9|7,13|4,7,56,79|побесимся
1600|2|2,5,9|7,14|4,7,68,79|давай играть
1601|2|2,5,9|7,15|1,15|осторожнее
1602|2|2,5,9|7,16|7,16,79|лучше поиграем
1603|2|2,5,9|7,17|7,56,68,79|можешь играть
1604|2|2,5,9|8|4,50,79|учи
1605|2|2,5,9|8,11|4,50,68|гениально
1606|2|2,5,9|8,12|1,12,50|бестолочь
1607|2|2,5,9|8,13|4,50,56,79|все узнаешь
1608|2|2,5,9|8,14|4,50,68,79|научу
1609|2|2,5,9|8,15|1,15,50|опасно
1610|2|2,5,9|8,16|16,50,79|лучше поучимся
1611|2|2,5,9|8,17|50,56,68,79|лечись
1612|2|2,5,9|9|84|все равно
1613|2|2,5,9|9,10|12,56|плевать
1614|2|2,5,9|9,12|12|надоел
1615|2|2,5,9|9,13|1,56|отвали
1616|2|2,5,9|9,14|1,56|не лезь
1617|2|2,5,9|9,15|1,68|ну нафиг
1618|2|2,5,9|9,16|1,13|бывает
1619|2|2,5,9|9,17|1,14|живи
1620|2|2,5,9|10|12|поделом
1621|2|2,5,9|10,12|12,56|изверг
1622|2|2,5,9|10,13|12,21|получил
1623|2|2,5,9|10,14|1,12|так тебе и надо
1624|2|2,5,9|10,15|1,12,68|нечаянно
1625|2|2,5,9|10,16|9,12|прикалываюсь
1626|2|2,5,9|10,17|1,12,13|потерпи
1627|2|2,5,9|11|14|ты хороший
1628|2|2,5,9|11,12|1,56|хорошо
1629|2|2,5,9|11,13|56,79|не дурно
1630|2|2,5,9|11,14|68,79|ты интересный
1631|2|2,5,9|11,15|56,68,79|слишком хорошо
1632|2|2,5,9|11,16|16,79|ну ничего
1633|2|2,5,9|11,17|56,68,79|нормально выглядишь
1634|2|2,5,9|12|13|плачу
1635|2|2,5,9|12,15|56,79|противно
1636|2|2,5,9|12,16|16,79|не дергайся
1637|2|2,5,9|12,17|68,79|прокатило
1641|2|2,5,9|13|1,56|смешно
1642|2|2,5,9|13,14|1,56|пойдет
1643|2|2,5,9|13,15|1,56|фыркнул
1644|2|2,5,9|13,16|1,9|усмехнулся
1645|2|2,5,9|13,17|1,68|как огурец
1652|2|2,5,9|14|1,56|радуюсь
1653|2|2,5,9|14,15|13,68|не плохо
1654|2|2,5,9|14,16|14,16|утешился
1655|2|2,5,9|14,17|13,68|оживил
1659|2|2,5,9|15|68|боюсь
1660|2|2,5,9|15,16|16,68|откачал
1661|2|2,5,9|15,17|56,68|пронесло
1663|2|2,5,9|16|56,68|прощаю
1664|2|2,5,9|16,17|56,68,79|не кашляй
1665|2|2,5,9|17|68,79|вылечил