1377|2|2,5,8|1|1,15|не вкурил
1378|2|2,5,8|1,3|1,15|что натворил
1379|2|2,5,8|1,4|1,14,75|не могу
1380|2|2,5,8|1,5|1,13,75|не поперхнись
1381|2|2,5,8|1,6|1,76|не рыпайся
1382|2|2,5,8|1,7|9,15|развеемся
1383|2|2,5,8|1,8|15,50|разберемся
1384|2|2,5,8|1,9|9,15|к черту
1385|2|2,5,8|1,10|12,15|отвали же
1386|2|2,5,8|1,11|13,75|круто
1387|2|2,5,8|1,12|12,15|задолбал
1388|2|2,5,8|1,13|13,15|охренеть
1389|2|2,5,8|1,14|1,13,79|вот же
1390|2|2,5,8|1,15|13,14,79|ну и ну
1391|2|2,5,8|1,16|9,14,79|постой
1392|2|2,5,8|1,17|13,14,79|не кашляй
1393|2|2,5,8|2|2,15|вкурил
1394|2|2,5,8|2,3|12,15|лови
1395|2|2,5,8|2,4|13,75|верно
1396|2|2,5,8|2,5|13,75|жри давай
1397|2|2,5,8|2,6|13,14,75|пойдет
1398|2|2,5,8|2,7|4,7,75|сыграем
1399|2|2,5,8|2,8|4,50,75|освой
1400|2|2,5,8|2,9|15|неважно
1401|2|2,5,8|2,10|12,15|получай
1402|2|2,5,8|2,11|14,75|не плохо
1403|2|2,5,8|2,12|1,15|так и думал
1404|2|2,5,8|2,13|13,75|классно
1405|2|2,5,8|2,14|14,75|чудесно
1406|2|2,5,8|2,15|13,14,75|страшно
1407|2|2,5,8|2,16|13,14,75|да ладно
1408|2|2,5,8|2,17|13,14,75|исцелил
1409|2|2,5,8|3|12,15|по бороде
1410|2|2,5,8|3,5|1,13,79|а ну ешь
1411|2|2,5,8|3,6|1,75|чтобы неповадно было
1412|2|2,5,8|3,7|1,75|играй же
1413|2|2,5,8|3,8|1,50,75|учи же
1414|2|2,5,8|3,9|1,9,79|пошел вон
1415|2|2,5,8|3,10|12,21|грохну
1416|2|2,5,8|3,12|1,15|грохну ведь
1417|2|2,5,8|3,13|1,13,15|дебил
1418|2|2,5,8|3,14|1,14,15|ах ты тварь
1419|2|2,5,8|3,15|14,79|больно?
1420|2|2,5,8|3,16|13,79|пройдет
1421|2|2,5,8|3,17|1,14,79|на пользу
1422|2|2,5,8|4|13,79|молодец
1423|2|2,5,8|4,5|13,75|заслужил
1424|2|2,5,8|4,9|14,79|вот и хорошо
1425|2|2,5,8|4,10|1,12,15|доигрался
1426|2|2,5,8|4,12|1,13,79|ну прости
1427|2|2,5,8|4,14|1,14,79|замечательно
1428|2|2,5,8|4,15|13,14,79|ну даешь
1429|2|2,5,8|4,17|13,14,75|будь здоров
1430|2|2,5,8|5|13,75|кушай
1431|2|2,5,8|5,6|4,13,75|ешь спокойно
1432|2|2,5,8|5,7|4,7,75|как нибудь поиграем
1433|2|2,5,8|5,8|4,50,75|как нибудь поучимся
1434|2|2,5,8|5,9|9,75|да подавись
1435|2|2,5,8|5,11|13,75|самое вкусное
1436|2|2,5,8|5,13|13,75|жри
1437|2|2,5,8|5,14|14,75|наелся
1438|2|2,5,8|5,16|16,75|ладно, ешь
1439|2|2,5,8|5,17|13,14,75|поправляйся
1440|2|2,5,8|6|75|успокойся
1441|2|2,5,8|6,7|7,50,75|отвлечемся
1442|2|2,5,8|6,8|50,75|поучимся
1443|2|2,5,8|6,9|9,79|тихо
1444|2|2,5,8|6,11|13,75|неплохо
1445|2|2,5,8|6,13|13,75|не паникуй
1446|2|2,5,8|6,14|14,75|все чудесно
1447|2|2,5,8|6,16|16,75|расслабься
1448|2|2,5,8|6,17|13,14,75|будешь жить
1449|2|2,5,8|7|4,7,75|поиграем
1450|2|2,5,8|7,8|4,7,50,75|попробуй повторить
1451|2|2,5,8|7,10|1,12,79|подеремся
1452|2|2,5,8|7,11|4,7,14,75|непобедимый
1453|2|2,5,8|7,12|1,12,15|это слишком
1454|2|2,5,8|7,13|4,7,13,75|побесимся
1455|2|2,5,8|7,14|4,7,14,75|давай играть
1456|2|2,5,8|7,15|1,15|осторожнее
1457|2|2,5,8|7,16|7,16,75|лучше поиграем
1458|2|2,5,8|7,17|7,13,14,75|можешь играть
1459|2|2,5,8|8|4,50,75|учи
1460|2|2,5,8|8,11|4,50,75|гениально
1461|2|2,5,8|8,12|1,12,50|бестолочь
1462|2|2,5,8|8,13|4,50,75|все узнаешь
1463|2|2,5,8|8,14|4,50,75|научу
1464|2|2,5,8|8,15|1,15,50|опасно
1465|2|2,5,8|8,16|16,50,75|давай поучимся
1466|2|2,5,8|8,17|50,75|лечись
1467|2|2,5,8|9|15|все равно
1468|2|2,5,8|9,10|12,15|плевать
1469|2|2,5,8|9,12|12,79|надоел
1470|2|2,5,8|9,13|1,15|отвали
1471|2|2,5,8|9,14|1,15|не лезь
1472|2|2,5,8|9,15|1,14,79|ну нафиг
1473|2|2,5,8|9,16|1,13,79|бывает
1474|2|2,5,8|9,17|1,14,79|живи
1475|2|2,5,8|10|12,79|поделом
1476|2|2,5,8|10,12|12,15|изверг
1477|2|2,5,8|10,13|12,21|получил
1478|2|2,5,8|10,14|1,12,79|так тебе и надо
1479|2|2,5,8|10,15|1,12,14,79|нечаянно
1480|2|2,5,8|10,16|9,12,79|прикалываюсь
1481|2|2,5,8|10,17|1,12,13,79|потерпи
1482|2|2,5,8|11|14,79|ты хороший
1483|2|2,5,8|11,12|1,13,79|чертовски хорошо
1484|2|2,5,8|11,13|13,75|не дурно
1485|2|2,5,8|11,14|14,75|ты классный
1486|2|2,5,8|11,15|13,14,75|слишком хорошо
1487|2|2,5,8|11,16|16,75|ну ничего
1488|2|2,5,8|11,17|13,14,75|хорошо выглядишь
1489|2|2,5,8|12|13,79|плачу
1490|2|2,5,8|12,15|13,75|тошно
1491|2|2,5,8|12,16|16,75|не сердись
1492|2|2,5,8|12,17|14,75|пронесло
1496|2|2,5,8|13|1,15|смешно
1497|2|2,5,8|13,14|1,15|чудненько
1498|2|2,5,8|13,15|1,13|фыркнул
1499|2|2,5,8|13,16|1,9,79|усмехнулся
1500|2|2,5,8|13,17|1,14,79|как новенький
1507|2|2,5,8|14|1,15|радуюсь
1508|2|2,5,8|14,15|13,14,79|прикольно
1509|2|2,5,8|14,16|14,16,79|утешился
1510|2|2,5,8|14,17|13,14,79|оживил
1514|2|2,5,8|15|14,79|боюсь
1515|2|2,5,8|15,16|14,16,79|отходил
1516|2|2,5,8|15,17|13,14,79|ух пронесло
1518|2|2,5,8|16|14,75|прощаю
1519|2|2,5,8|16,17|13,14,75|на здоровье
1520|2|2,5,8|17|14,75|вылечил