1098|2|2,3,9|1,13|8,15|офигеть
1099|2|2,3,9|1,14|8,56|ух ты
1100|2|2,3,9|1,15|15|ой
1101|2|2,3,9|1,16|9|погоди
1102|2|2,3,9|1,17|1,56|не болей
1103|2|2,3,9|2,3|1,15|получай
1104|2|2,3,9|2,4|1,56|правильно
1105|2|2,3,9|2,5|6,56|ешь
1106|2|2,3,9|2,6|6|ничего
1107|2|2,3,9|2,7|4,7,56|сыграем
1108|2|2,3,9|2,8|50,56|освой
1109|2|2,3,9|2,9|9|неважно
1110|2|2,3,9|2,10|1,12,84|вот тебе
1111|2|2,3,9|2,11|4,56|хороший
1112|2|2,3,9|2,12|1,12|так и знал
1113|2|2,3,9|2,13|4,56|классно
1114|2|2,3,9|2,14|4,56|чудесно
1115|2|2,3,9|2,15|15|страшно
1116|2|2,3,9|2,16|4,16|да ладно
1117|2|2,3,9|2,17|4,56|исцелил
1118|2|2,3,9|3,5|1,56|а ну ешь
1119|2|2,3,9|3,6|1,6|чтобы неповадно было
1120|2|2,3,9|3,7|1,15|а ну играй
1121|2|2,3,9|3,8|1,50|а ну учи
1122|2|2,3,9|3,9|9|пошел
1123|2|2,3,9|3,10|1,12|прибью
1124|2|2,3,9|3,12|12|прибью ведь
1125|2|2,3,9|3,13|1,84|сволочь
1126|2|2,3,9|3,14|1,84|ах ты тварь
1127|2|2,3,9|3,15|84|больно?
1128|2|2,3,9|3,16|9|пройдет
1129|2|2,3,9|3,17|1,56|на пользу
1130|2|2,3,9|4,5|4,56|заслужил
1131|2|2,3,9|4,9|56|ну и хорошо
1132|2|2,3,9|4,10|1,12|доигрался
1133|2|2,3,9|4,12|1,12|ну прости
1134|2|2,3,9|4,14|4,56|замечательно
1135|2|2,3,9|4,15|1,84|ты даешь
1136|2|2,3,9|4,17|56|будь здоров
1137|2|2,3,9|5,6|6,56|ешь спокойно
1138|2|2,3,9|5,7|4,7,56|потом поиграем
1139|2|2,3,9|5,8|50,56|потом поучимся
1140|2|2,3,9|5,9|9|да подавись
1141|2|2,3,9|5,11|56|самое вкусное
1142|2|2,3,9|5,13|56|жри
1143|2|2,3,9|5,14|56|наелся
1144|2|2,3,9|5,16|16,56|ладно, ешь
1145|2|2,3,9|5,17|56|поправляйся
1146|2|2,3,9|6,7|4,6,7|отвлечемся
1147|2|2,3,9|6,8|6,50|поучимся
1148|2|2,3,9|6,9|9|тихо
1149|2|2,3,9|6,11|6,11|все хорошо
1150|2|2,3,9|6,13|6,56|не паникуй
1151|2|2,3,9|6,14|6,56|все чудесно
1152|2|2,3,9|6,16|6,16|расслабься
1153|2|2,3,9|6,17|6,56|будешь жить
1154|2|2,3,9|7,8|4,7,56|ну ка повтори
1155|2|2,3,9|7,10|1,12|подеремся
1156|2|2,3,9|7,11|4,56|непобедимый
1157|2|2,3,9|7,12|1,12|это слишком
1158|2|2,3,9|7,13|4,7,56|побесимся
1159|2|2,3,9|7,14|4,7,56|давай играть
1160|2|2,3,9|7,15|1,84|осторожнее
1161|2|2,3,9|7,16|4,7,16|лучше поиграем
1162|2|2,3,9|7,17|4,7,56|можешь играть
1163|2|2,3,9|8,11|50,56|гениально
1164|2|2,3,9|8,12|12,50|придурок
1165|2|2,3,9|8,13|50,56|все узнаешь
1166|2|2,3,9|8,14|50,56|научу
1167|2|2,3,9|8,15|15,50|опасно
1168|2|2,3,9|8,16|16,50|лучше поучимся
1169|2|2,3,9|8,17|50,56|лечись
1170|2|2,3,9|9,10|12|плевать
1171|2|2,3,9|9,12|12|надоел
1172|2|2,3,9|9,13|1,56|отвали
1173|2|2,3,9|9,14|1,56|отвянь
1174|2|2,3,9|9,15|1,84|ну нафиг
1175|2|2,3,9|9,16|16|бывает
1176|2|2,3,9|9,17|56|живи
1177|2|2,3,9|10,12|12,84|изверг
1178|2|2,3,9|10,13|1,84|получил
1179|2|2,3,9|10,14|1,84|так тебе и надо
1180|2|2,3,9|10,15|1,84|случайно
1181|2|2,3,9|10,16|12,56|прикалываюсь
1182|2|2,3,9|10,17|56|потерпи
1183|2|2,3,9|11,12|1,56|чертовски хорошо
1184|2|2,3,9|11,13|11,56|не дурно
1185|2|2,3,9|11,14|11,56|ты классный
1186|2|2,3,9|11,15|1,56|слишком хорошо
1187|2|2,3,9|11,16|11,16|ну ничего
1188|2|2,3,9|11,17|11,56|хорошо выглядишь
1189|2|2,3,9|12,15|1,84|противно
1190|2|2,3,9|12,16|1,16|не злись
1191|2|2,3,9|12,17|1,56|пронесло
1195|2|2,3,9|13,14|56|чудненько
1196|2|2,3,9|13,15|56|фыркнул
1197|2|2,3,9|13,16|16,56|усмехнулся
1198|2|2,3,9|13,17|56|как новенький
1205|2|2,3,9|14,15|1,56|прикольно
1206|2|2,3,9|14,16|16,56|утешился
1207|2|2,3,9|14,17|56|оживил
1211|2|2,3,9|15,16|1,16|отходил
1212|2|2,3,9|15,17|1,56|ух пронесло
1214|2|2,3,9|16,17|56|на здоровье
1216|2|2,3,9|1|15,56|непонятно
1217|2|2,3,9|1,3|1,15|натворил
1218|2|2,3,9|1,4|1,79|невероятно
1219|2|2,3,9|1,5|1,14,79|не подавись
1220|2|2,3,9|1,6|1,6,79|не дергайся
1221|2|2,3,9|1,7|1,4,79|развлечемся
1222|2|2,3,9|1,8|1,9,79|разберемся
1223|2|2,3,9|1,9|1,79|ну его
1224|2|2,3,9|1,10|12,15|отстань
1225|2|2,3,9|1,11|1,14,79|круто
1226|2|2,3,9|1,12|1,15,79|замучил
1227|2|2,3,9|2|1,79|понятно
1228|2|2,3,9|3|12,15|наказываю
1229|2|2,3,9|4|1,79|молодец
1230|2|2,3,9|5|1,14,79|кушай
1231|2|2,3,9|6|1,6,79|успокойся
1232|2|2,3,9|7|4,79|поиграем
1233|2|2,3,9|8|50,79|учи
1234|2|2,3,9|9|79|все равно
1235|2|2,3,9|10|12,84|поделом
1236|2|2,3,9|11|14,79|не плохо
1237|2|2,3,9|12|1,79|плачу
1238|2|2,3,9|13|1,79|смешно
1239|2|2,3,9|14|1,15|радуюсь
1240|2|2,3,9|15|14,79|боюсь
1241|2|2,3,9|16|1,79|прощаю
1242|2|2,3,9|17|14,79|вылечил