1244|2|2,3,5|1|9,79|не вкурил
1245|2|2,3,5|2|14,79|въехал
1246|2|2,3,5|3|12,56|по бороде
1247|2|2,3,5|4|13,79|молодец
1248|2|2,3,5|5|6,79|ешь давай
1249|2|2,3,5|6|6|успокойся же
1250|2|2,3,5|7|7,13,56|давай сыграем
1251|2|2,3,5|8|50|учи
1252|2|2,3,5|9|9|все равно
1253|2|2,3,5|10|12|поделом тебе
1254|2|2,3,5|11|13,56|ты хороший
1255|2|2,3,5|12|1|плачу
1256|2|2,3,5|13|13|смешно
1257|2|2,3,5|14|14|радуюсь
1258|2|2,3,5|15|1,84|боюсь
1259|2|2,3,5|16|6,56|прощаю
1260|2|2,3,5|17|11,56|вылечил
1261|2|2,3,5|1,3|8,84|натворил
1262|2|2,3,5|1,4|8,56|невероятно
1263|2|2,3,5|1,5|8,56|не поперхнись
1264|2|2,3,5|1,6|6,8|не дергайся
1265|2|2,3,5|1,7|4,7|развлечемся
1266|2|2,3,5|1,8|50|разберемся
1267|2|2,3,5|1,9|9|ну его
1268|2|2,3,5|1,10|8,12,84|отстань
1269|2|2,3,5|1,11|8,56|круто
1270|2|2,3,5|1,12|12|замучил
1271|2|2,3,5|1,13|8,13|офигеть
1272|2|2,3,5|1,14|8,56|ого
1273|2|2,3,5|1,15|84|опа
1274|2|2,3,5|1,16|9|погоди
1275|2|2,3,5|1,17|13,56|не болей
1276|2|2,3,5|2,3|1,84|получай
1277|2|2,3,5|2,4|56|правильно
1278|2|2,3,5|2,5|6,56|ешь
1279|2|2,3,5|2,6|6|ничего
1280|2|2,3,5|2,7|4,7,56|сыграем
1281|2|2,3,5|2,8|50,56|освой
1282|2|2,3,5|2,9|9|неважно
1283|2|2,3,5|2,10|1,12|вот тебе
1284|2|2,3,5|2,11|4,56|хороший
1285|2|2,3,5|2,12|1,12|так и знал
1286|2|2,3,5|2,13|4,13|классно
1287|2|2,3,5|2,14|4,56|чудесно
1288|2|2,3,5|2,15|84|страшно
1289|2|2,3,5|2,16|4,16|да ладно
1290|2|2,3,5|2,17|4,13,56|исцелил
1291|2|2,3,5|3,5|1,56|а ну ешь
1292|2|2,3,5|3,6|1,6|чтобы помнил
1293|2|2,3,5|3,7|1,84|а ну играй
1294|2|2,3,5|3,8|1,9|а ну учи
1295|2|2,3,5|3,9|9|пошел
1296|2|2,3,5|3,10|1,12|прибью
1297|2|2,3,5|3,12|12|прибью ведь
1298|2|2,3,5|3,13|1,84|идиот
1299|2|2,3,5|3,14|1,84|ах ты тварь
1300|2|2,3,5|3,15|84|больно?
1301|2|2,3,5|3,16|9|пройдет
1302|2|2,3,5|3,17|1,56|на пользу
1303|2|2,3,5|4,5|4,13,56|заслужил
1304|2|2,3,5|4,9|56|ну и хорошо
1305|2|2,3,5|4,10|1,12|доигрался
1306|2|2,3,5|4,12|1,12|ну прости
1307|2|2,3,5|4,14|4,56|замечательно
1308|2|2,3,5|4,15|1,84|ты даешь
1309|2|2,3,5|4,17|13,56|будь здоров
1310|2|2,3,5|5,6|6,13,56|ешь быстро
1311|2|2,3,5|5,7|4,7,56|потом поиграем
1312|2|2,3,5|5,8|13,50|потом поучимся
1313|2|2,3,5|5,9|9|да подавись
1314|2|2,3,5|5,11|13,56|самое вкусное
1315|2|2,3,5|5,13|13|жри
1316|2|2,3,5|5,14|14|наелся
1317|2|2,3,5|5,16|13,16|ладно, ешь
1318|2|2,3,5|5,17|13,56|поправляйся
1319|2|2,3,5|6,7|4,6,7|отвлечемся
1320|2|2,3,5|6,8|6,50|поучимся
1321|2|2,3,5|6,9|9|тихо
1322|2|2,3,5|6,11|6,11|все хорошо
1323|2|2,3,5|6,13|6,13|не паникуй
1324|2|2,3,5|6,14|6,56|все чудесно
1325|2|2,3,5|6,16|6,16|расслабься
1326|2|2,3,5|6,17|6,13,56|будешь жить
1327|2|2,3,5|7,8|4,50|попробуй повторить
1328|2|2,3,5|7,10|1,12|подеремся
1329|2|2,3,5|7,11|4,7,13,56|непобедимый
1330|2|2,3,5|7,12|1,12|это слишком
1331|2|2,3,5|7,13|4,7,13|побесимся
1332|2|2,3,5|7,14|4,7,56|давай играть
1333|2|2,3,5|7,15|1,84|внимательнее
1334|2|2,3,5|7,16|4,7,16|лучше поиграем
1335|2|2,3,5|7,17|4,7,13,56|можешь играть
1336|2|2,3,5|8,11|50,56|гениально
1337|2|2,3,5|8,12|12,50|бестолочь
1338|2|2,3,5|8,13|13,50|все узнаешь
1339|2|2,3,5|8,14|50,56|научу
1340|2|2,3,5|8,15|50,84|опасно
1341|2|2,3,5|8,16|16,50|лучше поучимся
1342|2|2,3,5|8,17|13,50,56|лечись
1343|2|2,3,5|9,10|12|плевать
1344|2|2,3,5|9,12|12|надоел
1345|2|2,3,5|9,13|1,13|отвали
1346|2|2,3,5|9,14|1,56|не лезь
1347|2|2,3,5|9,15|1,84|ну нафиг
1348|2|2,3,5|9,16|16|бывает
1349|2|2,3,5|9,17|13,56|живи
1350|2|2,3,5|10,12|12,84|изверг
1351|2|2,3,5|10,13|1,84|получил
1352|2|2,3,5|10,14|1,84|так тебе и надо
1353|2|2,3,5|10,15|1,84|нечаянно
1354|2|2,3,5|10,16|12,79|прикалываюсь
1355|2|2,3,5|10,17|13|потерпи
1356|2|2,3,5|11,12|1,13|чертовски хорошо
1357|2|2,3,5|11,13|11,13|не дурно
1358|2|2,3,5|11,14|11,56|ты классный
1359|2|2,3,5|11,15|1,13|слишком хорошо
1360|2|2,3,5|11,16|11,16|ну ничего
1361|2|2,3,5|11,17|11,13,56|хорошо выглядишь
1362|2|2,3,5|12,15|1,84|тошно
1363|2|2,3,5|12,16|1,16|не сердись
1364|2|2,3,5|12,17|1,56|пронесло
1365|2|2,3,5|13,14|13,56|чудненько
1366|2|2,3,5|13,15|13|фыркнул
1367|2|2,3,5|13,16|13,16|усмехнулся
1368|2|2,3,5|13,17|13,56|как новенький
1369|2|2,3,5|14,15|1,13|прикольно
1370|2|2,3,5|14,16|14,16|утешился
1371|2|2,3,5|14,17|13,56|оживил
1372|2|2,3,5|15,16|1,16|отходил
1373|2|2,3,5|15,17|1,56|ух пронесло
1375|2|2,3,5|16,17|13,56|на здоровье