2600|2|2,9,10|1|50,73|не вкурил
2601|2|2,9,10|1,3|50,79|вкурил
2602|2|2,9,10|1,4|50,56|врешь
2603|2|2,9,10|1,5|50,79|не поперхнись
2604|2|2,9,10|1,6|50,79|не гони
2605|2|2,9,10|1,7|9,79|развеемся
2606|2|2,9,10|1,8|50,79|посмотрим
2607|2|2,9,10|1,9|1,79|к черту
2608|2|2,9,10|1,10|12,56,84|отвали
2609|2|2,9,10|1,11|56,79|круто
2610|2|2,9,10|1,12|1,79|задолбал
2611|2|2,9,10|1,13|50,79|охренеть
2612|2|2,9,10|1,14|50,79|ух ты
2613|2|2,9,10|1,15|50,56,79|ой
2614|2|2,9,10|1,16|9,50,79|стоять
2615|2|2,9,10|1,17|50,79|не кашляй
2616|2|2,9,10|2|50,73|ок
2617|2|2,9,10|2,3|56,73|усвоил
2618|2|2,9,10|2,4|50,56|ага
2619|2|2,9,10|2,5|50,56|жри
2620|2|2,9,10|2,6|50,79|ничего
2621|2|2,9,10|2,7|50|сыграем
2622|2|2,9,10|2,8|50|освой
2623|2|2,9,10|2,9|50|по барабану
2624|2|2,9,10|2,10|56,73|вот тебе
2625|2|2,9,10|2,11|50,56|хороший
2626|2|2,9,10|2,12|50,56|так и думал
2627|2|2,9,10|2,13|50,56|блеск
2628|2|2,9,10|2,14|50,56|шик
2629|2|2,9,10|2,15|50,79|очково
2630|2|2,9,10|2,16|9,50|да ладно
2631|2|2,9,10|2,17|50,56|исцелил
2632|2|2,9,10|3|50,56|пофиг
2633|2|2,9,10|3,5|50,56|а ну жри
2634|2|2,9,10|3,6|62,79|чтобы неповадно было
2635|2|2,9,10|3,7|9,56|а ну играй
2636|2|2,9,10|3,8|50,56|а ну учи
2637|2|2,9,10|3,9|50,56|пошел к черту
2638|2|2,9,10|3,10|73,84|придушу
2639|2|2,9,10|3,12|50,56|придушу ведь
2640|2|2,9,10|3,13|50,56|идиот
2641|2|2,9,10|3,14|50,56|ах ты гнида
2642|2|2,9,10|3,15|50,56,79|больно?
2643|2|2,9,10|3,16|9,56,62|пройдет
2644|2|2,9,10|3,17|50,56|на пользу
2645|2|2,9,10|4|50,56,62|молоток
2646|2|2,9,10|4,5|50,56|заслужил
2647|2|2,9,10|4,9|56,79|вот и хорошо
2648|2|2,9,10|4,10|56,73|допрыгался
2649|2|2,9,10|4,12|56,79|ну прости
2650|2|2,9,10|4,14|56,80|замечательно
2651|2|2,9,10|4,15|62,79|ты даешь
2652|2|2,9,10|4,17|56,76|будь здоров
2653|2|2,9,10|5|56,62|кушай
2654|2|2,9,10|5,6|56,62|жри спокойно
2655|2|2,9,10|5,7|9,62|потом поиграем
2656|2|2,9,10|5,8|50,62|потом поучимся
2657|2|2,9,10|5,9|56,62|да подавись
2658|2|2,9,10|5,11|56,62|самое вкусное
2659|2|2,9,10|5,13|56,62|жри давай
2660|2|2,9,10|5,14|56,62,80|наелся
2661|2|2,9,10|5,16|9,62|ладно, ешь
2662|2|2,9,10|5,17|56,62,76|подлечись
2663|2|2,9,10|6|56,76|успокойся
2664|2|2,9,10|6,7|9,76|раазвеемся
2665|2|2,9,10|6,8|50,76|поучимся
2666|2|2,9,10|6,9|56,76|заглохни
2667|2|2,9,10|6,11|56,76|все ништяк
2668|2|2,9,10|6,13|56,76|не очкуй
2669|2|2,9,10|6,14|56,76,80|все чудесно
2670|2|2,9,10|6,16|9,76|расслабься
2671|2|2,9,10|6,17|56,76|будешь жить
2672|2|2,9,10|7|9,50|поиграем
2673|2|2,9,10|7,8|50|слабо
2674|2|2,9,10|7,10|9,56,73|подеремся
2675|2|2,9,10|7,11|9,50|непобедимый
2676|2|2,9,10|7,12|9,50|это чересчур
2677|2|2,9,10|7,13|9,50|побесимся
2678|2|2,9,10|7,14|9,50,80|давай играть
2679|2|2,9,10|7,15|50,62,79|осторожнее
2680|2|2,9,10|7,16|9,50|лучше поиграем
2681|2|2,9,10|7,17|9,50,76|можешь играть
2682|2|2,9,10|8|50,56|учи
2683|2|2,9,10|8,11|50,56|гениально
2684|2|2,9,10|8,12|50,56|бестолочь
2685|2|2,9,10|8,13|50,56|все узнаешь
2686|2|2,9,10|8,14|9,50,80|научу
2687|2|2,9,10|8,15|50,62,79|опасно
2688|2|2,9,10|8,16|50|лучше поучимся
2689|2|2,9,10|8,17|50,76|лечись
2690|2|2,9,10|9|50,56|все равно
2691|2|2,9,10|9,10|50,56,73|плевать
2692|2|2,9,10|9,12|50,56|надоел
2693|2|2,9,10|9,13|50,56|отстань
2694|2|2,9,10|9,14|50,56,80|не лезь
2695|2|2,9,10|9,15|50,62,79|ну нафиг
2696|2|2,9,10|9,16|1,50|бывает
2697|2|2,9,10|9,17|50,76|живи
2698|2|2,9,10|10|73,84|поделом
2699|2|2,9,10|10,12|50,73|изверг
2700|2|2,9,10|10,13|50,73|получил
2701|2|2,9,10|10,14|50,79,80|так тебе и надо
2702|2|2,9,10|10,15|50,62,79|нечаянно
2703|2|2,9,10|10,16|9,56|прикалываюсь
2704|2|2,9,10|10,17|76,79|потерпи
2705|2|2,9,10|11|1,50,56|ты хороший
2706|2|2,9,10|11,12|50,56|чертовски хорошо
2707|2|2,9,10|11,13|50,56|не дурно
2708|2|2,9,10|11,14|50,80|ты классный
2709|2|2,9,10|11,15|50,62,79|слишком хорошо
2710|2|2,9,10|11,16|1,50|ну ничего
2711|2|2,9,10|11,17|50,76|хорошо выглядишь
2712|2|2,9,10|12|1,56|плачу
2713|2|2,9,10|12,15|56,62|тошно
2714|2|2,9,10|12,16|50,56|не сердись
2715|2|2,9,10|12,17|56,76|пронесло
2716|2|2,9,10|13|1,56|смешно
2717|2|2,9,10|13,14|56,80|чудненько
2718|2|2,9,10|13,15|56,62,79|фыркнул
2719|2|2,9,10|13,16|50,56|усмехнулся
2720|2|2,9,10|13,17|56,76|как новенький
2721|2|2,9,10|14|79,80|радуюсь
2722|2|2,9,10|14,15|62,79,80|прикольно
2723|2|2,9,10|14,16|79,80|утешился
2724|2|2,9,10|14,17|76,79,80|оживил
2725|2|2,9,10|15|56,62|боюсь
2726|2|2,9,10|15,16|56,62|отходил
2727|2|2,9,10|15,17|56,62,76|ух пронесло
2728|2|2,9,10|16|9,50|прощаю
2729|2|2,9,10|16,17|9,76|на здоровье
2730|2|2,9,10|17|56,76|вылечил