56|2|7|1|21|как это
57|2|7|2|1|странно
58|2|7|3|1,15|проучил
59|2|7|4|1,9|молодец
60|2|7|5|1,9|лопай
61|2|7|6|1,6|успокойся
62|2|7|7|1,7|поиграем
63|2|7|8|1,50|усвой
64|2|7|9|1,15|все равно
65|2|7|10|12,15|поделом
66|2|7|11|1,6|неплохо
67|2|7|12|1,15|плачу
68|2|7|13|1,6|смешно
69|2|7|14|1,15|хорошо
70|2|7|15|1,21|трушу
71|2|7|16|1,9|пардон
72|2|7|17|6|вылечил
201|2|7|1,3|1,12|натворил
202|2|7|1,4|1|невероятно
203|2|7|1,5|1|не подавись
204|2|7|1,6|1|не психуй
205|2|7|1,7|1,7|отвлечемся
206|2|7|1,8|1,50|разберемся
207|2|7|1,9|9|ну его
208|2|7|1,10|1,12,15|отстань
209|2|7|1,11|1,6|круто
210|2|7|1,12|1,12|замучил
211|2|7|1,13|1,6|офигеть
212|2|7|1,14|1,6|ух ты
213|2|7|1,15|1,15|ой
214|2|7|1,16|1|погоди
215|2|7|1,17|1,6|не болей
216|2|7|2,3|1,12,15|получай
217|2|7|2,4|1,6|правильно
218|2|7|2,5|1,6|ешь
219|2|7|2,6|1,6|ничего
220|2|7|2,7|1,7|сыграем
221|2|7|2,8|1,50|освой
222|2|7|2,9|9|неважно
223|2|7|2,10|1,12,15|вот тебе
224|2|7|2,11|1,6|хороший
225|2|7|2,12|1,12|так и знал
226|2|7|2,13|1,6|классно
227|2|7|2,14|1|чудесно
228|2|7|2,15|1,15|страшно
229|2|7|2,16|1|да ладно
230|2|7|2,17|1,6|исцелил
231|2|7|3,5|1,12,15|а ну ешь
232|2|7|3,6|1,6,12|чушь
233|2|7|3,7|1,9,12|а ну играй
234|2|7|3,8|1,12,50|а ну учи
235|2|7|3,9|9|пошел
236|2|7|3,10|1,12,15|прибью
237|2|7|3,12|1,12|прибью ведь
238|2|7|3,13|1,12,15|идиот
239|2|7|3,14|1|ах ты тварь
240|2|7|3,15|1,15|больно?
241|2|7|3,16|1|пройдет
242|2|7|3,17|1,6|на пользу
243|2|7|4,5|1,6|заслужил
244|2|7|4,9|1,9|ну и хорошо
245|2|7|4,10|1,12,15|доигрался
246|2|7|4,12|1,12|ну прости
247|2|7|4,14|1,6|замечательно
248|2|7|4,15|1,15|ты даешь
249|2|7|4,17|1,6|будь здоров
250|2|7|5,6|1,6|ешь спокойно
251|2|7|5,7|1,9|потом поиграем
252|2|7|5,8|1,50|потом поучимся
253|2|7|5,9|9|да подавись
254|2|7|5,11|1,6|самое вкусное
255|2|7|5,13|1,6|лопай
256|2|7|5,14|1,6|наелся
257|2|7|5,16|1|ладно, ешь
258|2|7|5,17|1,6|поправляйся
259|2|7|6,7|1,6,7|отвлечемся
260|2|7|6,8|1,6,50|поучимся
261|2|7|6,9|9|тихо
262|2|7|6,11|1,6|все хорошо
263|2|7|6,13|1,6|не паникуй
264|2|7|6,14|1,6|все чудесно
265|2|7|6,16|1,6|расслабься
266|2|7|6,17|1,6|будешь жить
267|2|7|7,8|1,7,50|попробуй вникнуть
268|2|7|7,10|1,9,12|подеремся
269|2|7|7,11|1,6,7|непобедимый
270|2|7|7,12|1,12|это слишком
271|2|7|7,13|1,6,7|побесимся
272|2|7|7,14|1,6,7|давай играть
273|2|7|7,15|1,15|осторожнее
274|2|7|7,16|1,7|лучше поиграем
275|2|7|7,17|1,6,7|можешь играть
276|2|7|8,11|1,6,50|гениально
277|2|7|8,12|1,50|бестолочь
278|2|7|8,13|1,6,50|все узнаешь
279|2|7|8,14|1,6,50|научу
280|2|7|8,15|1,15,50|опасно
281|2|7|8,16|1,50|лучше поучимся
282|2|7|8,17|1,6,50|лечись
283|2|7|9,10|1,12|плевать
284|2|7|9,12|1,12|надоел
285|2|7|9,13|1,15|отвали
286|2|7|9,14|1,15|не лезь
287|2|7|9,15|1,15|ну нафиг
288|2|7|9,16|1,9|бывает
289|2|7|9,17|1,6|живи
290|2|7|10,12|1,12,15|изверг
291|2|7|10,13|1,12,15|получил
292|2|7|10,14|1,12,15|так тебе и надо
293|2|7|10,15|1,12,15|нечаянно
294|2|7|10,16|1|прикалываюсь
295|2|7|10,17|1,6|потерпи
296|2|7|11,12|1,6|чертовски хорошо
297|2|7|11,13|1,6|не дурно
298|2|7|11,14|1,6|ты классный
299|2|7|11,15|1,15|слишком хорошо
300|2|7|11,16|1|ну ничего
301|2|7|11,17|1,6|хорошо выглядишь
302|2|7|12,15|1,12,15|тошно
303|2|7|12,16|1,6|не сердись
304|2|7|12,17|1,6|пронесло
308|2|7|13,14|1,6,14|чудненько
309|2|7|13,15|1,15|фыркнул
310|2|7|13,16|1|усмехнулся
311|2|7|13,17|1,6|как новенький
312|2|7|14,15|1,15|прикольно
313|2|7|14,16|1|утешился
314|2|7|14,17|1,6|оживил
318|2|7|15,16|1,15|отходил
319|2|7|15,17|1,6|ух пронесло
321|2|7|16,17|1,6|на здоровье