6233|3|1,6,11|1,3|5,16,30,72|натворил
6234|3|1,6,11|1,5|4,14,68,81|не подавись
6235|3|1,6,11|1,10|16,30,62,80|отстань
6236|3|1,6,11|1,17|4,5,14,68,81|не болей
6237|3|1,6,11|2,3|5,16,30,72|получай
6238|3|1,6,11|2,5|4,14,68,81|ешь
6239|3|1,6,11|2,10|16,30,62,80|вот тебе
6240|3|1,6,11|2,17|4,5,14,68,81|исцелил
6241|3|1,6,11|3|5,16,30,72|наказываю пофиг
6242|3|1,6,11|3,5|16,30,72,4,14,68,81|а ну ешь
6243|3|1,6,11|3,6|5,6,16,30,72|чтобы неповадно было
6244|3|1,6,11|3,7|16,17,30,46,72|а ну играй
6245|3|1,6,11|3,8|5,16,30,72|а ну учи
6246|3|1,6,11|3,9|5,16,30,72|пошел
6247|3|1,6,11|3,10|5,16,30,72,16,30,62,80|прибью
6248|3|1,6,11|3,12|11,16,17,30,72|прибью ведь
6249|3|1,6,11|3,13|5,30,72,73|идиот
6250|3|1,6,11|3,14|5,30,72,73|ах ты тварь
6251|3|1,6,11|3,15|16,17,30,72,80|больно?
6252|3|1,6,11|3,16|5,16,30,69,72|пройдет
6253|3|1,6,11|3,17|5,16,30,72,4,14,68,81|на пользу
6254|3|1,6,11|4,5|4,14,68,81|заслужил
6255|3|1,6,11|4,10|16,30,62,80|доигрался
6256|3|1,6,11|4,17|4,5,14,68,81|будь здоров
6257|3|1,6,11|5|4,14,68,81|кушай
6258|3|1,6,11|5,6|4,6,14,68,81|ешь спокойно
6259|3|1,6,11|5,7|4,14,46,68,81|потом поиграем
6260|3|1,6,11|5,8|4,14,68,76,81|потом поучимся
6261|3|1,6,11|5,9|4,14,68,81|да подавись
6262|3|1,6,11|5,11|4,14,68,81|самое вкусное
6263|3|1,6,11|5,13|4,13,14,68,81|жри
6264|3|1,6,11|5,14|4,14,68,81|наелся
6265|3|1,6,11|5,16|4,14,68,69,81|ладно, ешь
6266|3|1,6,11|5,17|4,14,68,81|поправляйся
6267|3|1,6,11|6,17|4,5,6,14,68,81|будешь жить
6268|3|1,6,11|7,10|16,30,46,62|подеремся
6269|3|1,6,11|7,17|4,5,14,46,68,81|можешь играть
6270|3|1,6,11|8,17|4,5,14,68,76,81|лечись
6271|3|1,6,11|9,10|16,30,62,80|плевать
6272|3|1,6,11|9,17|4,5,14,68,81|живи
6273|3|1,6,11|10|16,30,62,80|поделом
6274|3|1,6,11|10,12|11,16,30,62,80|изверг
6275|3|1,6,11|10,13|30,62,73,80|получил
6276|3|1,6,11|10,14|16,30,62,80|так тебе и надо
6277|3|1,6,11|10,15|30,62,73,80|нечаянно
6278|3|1,6,11|10,16|16,30,62,69,80|прикалываюсь
6279|3|1,6,11|10,17|16,30,62,80,4,5,14,68,81|потерпи
6280|3|1,6,11|11,17|4,5,14,68,81|хорошо выглядишь
6281|3|1,6,11|12,17|4,5,11,68,81|пронесло
6282|3|1,6,11|13,17|4,5,13,14,68,81|как новенький
6283|3|1,6,11|14,17|4,5,14,68,81|оживил
6284|3|1,6,11|15,17|4,68,80,81|ух пронесло
6285|3|1,6,11|16,17|4,5,14,68,69,81|на здоровье
6286|3|1,6,11|17|4,5,14,68,81|вылечил
6287|3|1,6,11|1|5,30,76|непонятно
6288|3|1,6,11|1,4|5,14,30,76|невероятно
6289|3|1,6,11|1,6|5,6,30,76|не психуй
6290|3|1,6,11|1,7|5,30,46,76|развлечемся
6291|3|1,6,11|1,8|5,30,50,76|разберемся
6292|3|1,6,11|1,9|5,30,76|ну его
6293|3|1,6,11|1,11|5,14,30,76|круто
6294|3|1,6,11|1,12|5,11,30,76|замучил
6295|3|1,6,11|1,13|5,13,30,76|офигеть
6296|3|1,6,11|1,14|5,14,30,76|ух ты
6297|3|1,6,11|1,15|17,30,76,80|ой
6298|3|1,6,11|1,16|5,30,69,76|погоди
6299|3|1,6,11|2|5,30|понятно
6300|3|1,6,11|2,4|5,14,30|правильно
6301|3|1,6,11|2,6|5,6,30|ничего
6302|3|1,6,11|2,7|5,30,46|сыграем
6303|3|1,6,11|2,8|5,30,50,76|освой
6304|3|1,6,11|2,9|5,30|неважно
6305|3|1,6,11|2,11|5,14,30|хороший
6306|3|1,6,11|2,12|5,11,30|так и знал
6307|3|1,6,11|2,13|5,13,30|классно
6308|3|1,6,11|2,14|5,14,30|чудесно
6309|3|1,6,11|2,15|5,30,76,80|страшно
6310|3|1,6,11|2,16|5,30,69|да ладно
6311|3|1,6,11|4|5,14,30|молодец
6312|3|1,6,11|4,9|5,14,30|ну и хорошо
6313|3|1,6,11|4,12|5,11,14,30|ну прости
6314|3|1,6,11|4,14|5,14,30|замечательно
6315|3|1,6,11|4,15|17,30,80|ты даешь
6316|3|1,6,11|6|5,6,30|успокойся
6317|3|1,6,11|6,7|5,6,30,46|отвлечемся
6318|3|1,6,11|6,8|5,6,30,46,50|поучимся
6319|3|1,6,11|6,9|5,6,30|тихо
6320|3|1,6,11|6,11|5,6,14,30|все хорошо
6321|3|1,6,11|6,13|5,6,13,30|не паникуй
6322|3|1,6,11|6,14|5,6,14,30|все чудесно
6323|3|1,6,11|6,16|5,6,30,69|расслабься
6324|3|1,6,11|7|5,30,46|поиграем
6325|3|1,6,11|7,8|5,30,46,50,76|попробуй повторить
6326|3|1,6,11|7,11|5,14,30,46|непобедимый
6327|3|1,6,11|7,12|5,11,30,46|это слишком
6328|3|1,6,11|7,13|5,13,30,46|побесимся
6329|3|1,6,11|7,14|5,14,30,46|давай играть
6330|3|1,6,11|7,15|17,30,80|осторожнее
6331|3|1,6,11|7,16|5,30,46|лучше поиграем
6332|3|1,6,11|8|5,30,50,76|учи
6333|3|1,6,11|8,11|5,14,30,50,76|гениально
6334|3|1,6,11|8,12|5,11,30,50,76|бестолочь
6335|3|1,6,11|8,13|5,13,30,50,76|все узнаешь
6336|3|1,6,11|8,14|5,14,30,50,76|научу
6337|3|1,6,11|8,15|17,30,76,80|опасно
6338|3|1,6,11|8,16|5,30,50,69,76|лучше поучимся
6339|3|1,6,11|9|5,30|все равно
6340|3|1,6,11|9,12|5,11,30|надоел
6341|3|1,6,11|9,13|5,13,30|отвали
6342|3|1,6,11|9,14|5,14,30|не лезь
6343|3|1,6,11|9,15|17,30,76,80|ну нафиг
6344|3|1,6,11|9,16|5,30,69|бывает
6345|3|1,6,11|11|5,14,30|ты хороший
6346|3|1,6,11|11,12|5,11,14,30|чертовски хорошо
6347|3|1,6,11|11,13|5,13,14,30|не дурно
6348|3|1,6,11|11,14|5,14,30|ты классный
6349|3|1,6,11|11,15|17,30,76,80|слишком хорошо
6350|3|1,6,11|11,16|5,14,30,69|ну ничего
6351|3|1,6,11|12|5,11,30|плачу
6352|3|1,6,11|12,15|5,30,80|тошно
6353|3|1,6,11|12,16|5,11,30,69|не сердись
6354|3|1,6,11|13|5,13,30|смешно
6355|3|1,6,11|13,14|5,13,14,30|чудненько
6356|3|1,6,11|13,15|13,17,30,76,80|фыркнул
6357|3|1,6,11|13,16|5,13,30,69|усмехнулся
6358|3|1,6,11|14|5,14,30|радуюсь
6359|3|1,6,11|14,15|17,30,80|прикольно
6360|3|1,6,11|14,16|5,14,30,69|утешился
6361|3|1,6,11|15|5,30,76,80|боюсь
6362|3|1,6,11|15,16|5,30,69|отходил
6363|3|1,6,11|16|5,30,69|прощаю