6101|3|2,3,11|1,3|7,16,72|натворил
6102|3|2,3,11|1,5|4,14,68,81|не подавись
6103|3|2,3,11|1,10|7,16,62,80|отстань
6104|3|2,3,11|1,17|4,7,14,17,68,81|не болей
6105|3|2,3,11|2,3|7,16,72|получай
6106|3|2,3,11|2,5|4,14,68,81|ешь
6107|3|2,3,11|2,10|7,16,62,80|вот тебе
6108|3|2,3,11|2,17|4,5,7,14,68,81|исцелил
6109|3|2,3,11|3|7,16,72|наказываю пофиг
6110|3|2,3,11|3,5|7,16,68,72,81|а ну ешь
6111|3|2,3,11|3,6|6,7,16,72|чтобы неповадно было
6112|3|2,3,11|3,7|16,46,72|а ну играй
6113|3|2,3,11|3,8|7,16,72,76|а ну учи
6114|3|2,3,11|3,9|7,16,72|пошел
6115|3|2,3,11|3,10|7,16,62,80|прибью
6116|3|2,3,11|3,12|7,11,16,72|прибью ведь
6117|3|2,3,11|3,13|7,72,73|идиот
6118|3|2,3,11|3,14|7,72,73|ах ты тварь
6119|3|2,3,11|3,15|16,72,80|больно?
6120|3|2,3,11|3,16|7,16,69,72|пройдет
6121|3|2,3,11|3,17|5,7,16,68,72,81|на пользу
6122|3|2,3,11|4,5|4,14,68,81|заслужил
6123|3|2,3,11|4,10|7,16,62,80|доигрался
6124|3|2,3,11|4,17|4,5,7,14,68,81|будь здоров
6125|3|2,3,11|5|4,14,68,81|кушай
6126|3|2,3,11|5,6|4,6,14,68,81|ешь спокойно
6127|3|2,3,11|5,7|4,14,46,68,81|потом поиграем
6128|3|2,3,11|5,8|4,14,68,81|потом поучимся
6129|3|2,3,11|5,9|4,7,14,68,81|да подавись
6130|3|2,3,11|5,11|4,7,14,68,81|самое вкусное
6131|3|2,3,11|5,13|4,7,14,68,81|жри
6132|3|2,3,11|5,14|4,7,14,68,81|наелся
6133|3|2,3,11|5,16|4,7,14,68,81|ладно, ешь
6134|3|2,3,11|5,17|4,7,14,68,81|поправляйся
6135|3|2,3,11|6,17|4,5,6,7,14,68,81|будешь жить
6136|3|2,3,11|7,10|16,46,62,80|подеремся
6137|3|2,3,11|7,17|4,14,17,46,68,81|можешь играть
6138|3|2,3,11|8,17|4,5,7,14,68,81|лечись
6139|3|2,3,11|9,10|7,16,62,80|плевать
6140|3|2,3,11|9,17|4,7,14,68,81|живи
6141|3|2,3,11|10|7,16,62,80|поделом
6142|3|2,3,11|10,12|7,11,16,62,80|изверг
6143|3|2,3,11|10,13|7,62,73,80|получил
6144|3|2,3,11|10,14|7,62,73,80|так тебе и надо
6145|3|2,3,11|10,15|7,16,62|нечаянно
6146|3|2,3,11|10,16|7,16,62,69,80|прикалываюсь
6147|3|2,3,11|10,17|5,7,16,62,68,80,81|потерпи
6148|3|2,3,11|11,17|4,5,7,14,68,81|хорошо выглядишь
6149|3|2,3,11|12,17|4,7,11,17,68,81|пронесло
6150|3|2,3,11|13,17|4,5,7,14,68,81|как новенький
6151|3|2,3,11|14,17|4,5,7,14,68,81|оживил
6152|3|2,3,11|15,17|4,5,7,68,80,81|ух пронесло
6153|3|2,3,11|16,17|4,5,7,14,68,69,81|на здоровье
6154|3|2,3,11|17|4,5,7,14,68,81|вылечил
6155|3|2,3,11|1|17,30,46,50,76|непонятно
6156|3|2,3,11|1,4|14,17,30,46,50,76|невероятно
6157|3|2,3,11|1,6|6,30,46,50,76|не психуй
6158|3|2,3,11|1,7|17,30,46,50,76|развлечемся
6159|3|2,3,11|1,8|17,30,46,50,76|разберемся
6160|3|2,3,11|1,9|17,30,46,50,76|ну его
6161|3|2,3,11|1,11|14,17,30,46,50,76|круто
6162|3|2,3,11|1,12|11,17,30,46,50,76|замучил
6163|3|2,3,11|1,13|13,17,46,50,76|офигеть
6164|3|2,3,11|1,14|14,17,30,46,50,76|ух ты
6165|3|2,3,11|1,15|30,76,80|ой
6166|3|2,3,11|1,16|17,30,46,50,69,76|погоди
6167|3|2,3,11|2|17,30,46,50,76|понятно
6168|3|2,3,11|2,4|14,17,30,46,50,76|правильно
6169|3|2,3,11|2,6|6,17,30,46,50,76|ничего
6170|3|2,3,11|2,7|17,30,46,50,76|сыграем
6171|3|2,3,11|2,8|17,30,46,50,76|освой
6172|3|2,3,11|2,9|17,30,46,50,76|неважно
6173|3|2,3,11|2,11|14,17,30,46,50,76|хороший
6174|3|2,3,11|2,12|11,17,30,46,50,76|так и знал
6175|3|2,3,11|2,13|13,17,46,50,76|классно
6176|3|2,3,11|2,14|14,17,30,46,50,76|чудесно
6177|3|2,3,11|2,15|30,50,76,80|страшно
6178|3|2,3,11|2,16|17,30,46,50,69,76|да ладно
6179|3|2,3,11|4|14,17,30,46,50,76|молодец
6180|3|2,3,11|4,9|14,17,30,46,50,76|ну и хорошо
6181|3|2,3,11|4,12|11,17,30,46,50,76|ну прости
6182|3|2,3,11|4,14|14,17,30,46,50,76|замечательно
6183|3|2,3,11|4,15|30,50,76|ты даешь
6184|3|2,3,11|6|6,17,30,46,50,76|успокойся
6185|3|2,3,11|6,7|6,17,30,46,50,76|отвлечемся
6186|3|2,3,11|6,8|6,17,30,46,50,76|поучимся
6187|3|2,3,11|6,9|6,17,30,46,50,76|тихо
6188|3|2,3,11|6,11|6,14,17,30,46,50,76|все хорошо
6189|3|2,3,11|6,13|6,13,17,30,46,50,76|не паникуй
6190|3|2,3,11|6,14|6,14,17,30,46,50,76|все чудесно
6191|3|2,3,11|6,16|6,17,30,46,50,69,76|расслабься
6192|3|2,3,11|7|17,30,46,50,76|поиграем
6193|3|2,3,11|7,8|17,30,46,50,76|попробуй повторить
6194|3|2,3,11|7,11|14,17,30,46,50,76|непобедимый
6195|3|2,3,11|7,12|11,17,30,46,50,76|это слишком
6196|3|2,3,11|7,13|13,17,30,46,50,76|побесимся
6197|3|2,3,11|7,14|14,17,30,46,50,76|давай играть
6198|3|2,3,11|7,15|30,50,76,80|осторожнее
6199|3|2,3,11|7,16|17,30,46,50,69,76|лучше поиграем
6200|3|2,3,11|8|17,30,46,50,76|учи
6201|3|2,3,11|8,11|14,17,30,46,50,76|гениально
6202|3|2,3,11|8,12|11,17,30,46,50,76|бестолочь
6203|3|2,3,11|8,13|13,17,30,46,50,76|все узнаешь
6204|3|2,3,11|8,14|14,17,30,46,50,76|научу
6205|3|2,3,11|8,15|30,50,76,80|опасно
6206|3|2,3,11|8,16|17,30,46,50,69,76|лучше поучимся
6207|3|2,3,11|9|17,30,46,50,76|все равно
6208|3|2,3,11|9,12|11,17,30,46,50,76|надоел
6209|3|2,3,11|9,13|13,17,30,46,50,76|отвали
6210|3|2,3,11|9,14|14,17,30,46,50,76|не лезь
6211|3|2,3,11|9,15|30,50,76,80|ну нафиг
6212|3|2,3,11|9,16|17,30,46,50,69,76|бывает
6213|3|2,3,11|11|14,17,30,46,50,76|ты хороший
6214|3|2,3,11|11,12|11,17,30,46,50,76|чертовски хорошо
6215|3|2,3,11|11,13|14,17,30,46,50,76|не дурно
6216|3|2,3,11|11,14|14,17,30,46,50,76|ты классный
6217|3|2,3,11|11,15|30,50,76,80|слишком хорошо
6218|3|2,3,11|11,16|14,17,30,46,50,69,76|ну ничего
6219|3|2,3,11|12|11,17,30,46,50,76|плачу
6220|3|2,3,11|12,15|30,50,76,80|тошно
6221|3|2,3,11|12,16|11,17,30,46,50,69,76|не сердись
6222|3|2,3,11|13|13,17,46,50,76|смешно
6223|3|2,3,11|13,14|13,14,17,46,50,76|чудненько
6224|3|2,3,11|13,15|30,76,80|фыркнул
6225|3|2,3,11|13,16|13,17,46,50,69,76|усмехнулся
6226|3|2,3,11|14|14,17,30,46,50,76|радуюсь
6227|3|2,3,11|14,15|30,50,76,80|прикольно
6228|3|2,3,11|14,16|17,30,46,50,69,76|утешился
6229|3|2,3,11|15|30,50,76,80|боюсь
6230|3|2,3,11|15,16|11,30,50,76,80|отходил
6231|3|2,3,11|16|17,30,46,50,69,76|прощаю