6421|3|2,5,9|1,3|50,79,84|натворил
6422|3|2,5,9|1,5|4,56,76,81|не подавись
6423|3|2,5,9|1,10|56,76,80,84|отстань
6424|3|2,5,9|1,17|4,56,76,81|не болей
6425|3|2,5,9|2,3|50,79,84|получай
6426|3|2,5,9|2,5|4,56,76,81|ешь
6427|3|2,5,9|2,10|56,76,80,84|вот тебе
6428|3|2,5,9|2,17|4,56,76,81|исцелил
6429|3|2,5,9|3|50,79,84|наказываю пофиг
6430|3|2,5,9|3,5|50,79,84,4,56,76,81|а ну ешь
6431|3|2,5,9|3,6|6,50,79,84|чтобы неповадно было
6432|3|2,5,9|3,7|46,50,79,84|а ну играй
6433|3|2,5,9|3,8|50,79,84|а ну учи
6434|3|2,5,9|3,9|50,79,84|пошел
6435|3|2,5,9|3,10|50,79,84,56,76,80|прибью
6436|3|2,5,9|3,12|50,79,84|прибью ведь
6437|3|2,5,9|3,13|30,50,79,84|идиот
6438|3|2,5,9|3,14|30,50,79,84|ах ты тварь
6439|3|2,5,9|3,15|50,76,79,80,84|больно?
6440|3|2,5,9|3,16|50,79,84|пройдет
6441|3|2,5,9|3,17|50,79,84,4,56,76,81|на пользу
6442|3|2,5,9|4,5|4,14,56,76,81|заслужил
6443|3|2,5,9|4,10|56,76,80,84|доигрался
6444|3|2,5,9|4,17|4,56,76,81|будь здоров
6445|3|2,5,9|5|4,56,76,81|кушай
6446|3|2,5,9|5,6|4,6,56,76,81|ешь спокойно
6447|3|2,5,9|5,7|4,46,56,76,81|потом поиграем
6448|3|2,5,9|5,8|4,50,56,76,81|потом поучимся
6449|3|2,5,9|5,9|4,56,76,81|да подавись
6450|3|2,5,9|5,11|4,14,56,76,81|самое вкусное
6451|3|2,5,9|5,13|4,30,56,76,81|жри
6452|3|2,5,9|5,14|4,30,56,76,81|наелся
6453|3|2,5,9|5,16|4,56,76,81|ладно, ешь
6454|3|2,5,9|5,17|4,56,76,81|поправляйся
6455|3|2,5,9|6,17|4,56,76,81|будешь жить
6456|3|2,5,9|7,10|46,56,76,80,84|подеремся
6457|3|2,5,9|7,17|4,56,76,81|можешь играть
6458|3|2,5,9|8,17|4,50,56,76,81|лечись
6459|3|2,5,9|9,10|56,76,80,84|плевать
6460|3|2,5,9|9,17|4,56,76,81|живи
6461|3|2,5,9|10|56,76,80,84|поделом
6462|3|2,5,9|10,12|56,76,80,84|изверг
6463|3|2,5,9|10,13|56,73,76,80,84|получил
6464|3|2,5,9|10,14|56,73,76,80,84|так тебе и надо
6465|3|2,5,9|10,15|56,76,80,84|нечаянно
6466|3|2,5,9|10,16|56,76,80,84|прикалываюсь
6467|3|2,5,9|10,17|56,76,80,84|потерпи
6468|3|2,5,9|11,17|4,30,56,76,81|хорошо выглядишь
6469|3|2,5,9|12,17|4,56,76,81|пронесло
6470|3|2,5,9|13,17|4,30,56,76,81|как новенький
6471|3|2,5,9|14,17|4,30,56,76,81|оживил
6472|3|2,5,9|15,17|4,56,76,81|ух пронесло
6473|3|2,5,9|16,17|4,56,76,81|на здоровье
6474|3|2,5,9|17|4,56,76,81|вылечил